[MAIN]
AccFrames = 1
AccType = 
Company = 
Date = 2023-04-04
Device = TESCAN SOLARIS
DeviceModel = S9252G
FullUserName = Application developer
Magnification = 13960.0
MagnificationReference = 0.1396
PixelSizeX = 0.00000001953125
PixelSizeY = 0.00000001953125
SerialNumber = 121-0297
SoftwareVersion = TESCAN Essence Version 1.2.2.0, build 5848
Time = 08:32:09
UserName = *14
ViewFieldsCountX = 1
ViewFieldsCountY = 1

[SEM]
AcceleratorVoltage = 5000.0
ApertureOptimization = 1.0
ChamberPressure = 0.00015712
CrossFree = 0
CrossSectionShiftX = -0.00006279
CrossSectionShiftY = 0.00000001
DepthOfFocus = 0.00001024
Detector = SE
Detector0 = SE
Detector0Gain = 35.17
Detector0Offset = 76.236
DwellTime = 0.0000032
EmissionCurrent = 0.0002018420055
Gun = Schottky
GunShiftX = 0.0
GunShiftY = 0.0
GunTiltX = -5.25219861
GunTiltY = -2.43693233
HV = 5000.0
IMLCenteringX = 0.9
IMLCenteringY = -12.6
ImageShiftX = 0.0000022
ImageShiftY = -0.0000025
InBeamExtractor = 199.0
InBeamFBSEGrid = 0.0
InBeamFBSEScintillator = 4000.0
InBeamScintillator = 10000.0
InjectedGas = N2
LUTGamma = 1.0
LUTMaximum = 1.0
LUTMinimum = 0.0
OBJCenteringX = 16.50435257
OBJCenteringY = -7.04616805
OBJPreCenteringX = 0.21360383
OBJPreCenteringY = 3.69314609
PredictedBeamCurrent = 0.0000000003
SampleVoltage = 0.0
ScanMode = ANALYSIS
ScanRotation = 0.0
ScanSpeed = 4.0
SessionID = 37d1b309-c713-418a-9021-d7b70a4d259d
SpecimenCurrent = -0.000000000189
SpotSize = 0.0000000089
StageRotation = 99.232
StageTilt = 54.999
StageX = -0.015128227
StageY = -0.002420682
StageZ = 0.005480363
StigmatorX = -0.64231963
StigmatorY = 2.62370331
SymmetrizationVoltage = 0.0
TiltCorrection = 0.0
TubeVoltage = 0.0
VirtualObserverDistance = 0.0439221
WD = 0.005049699

