[MAIN]
AccFrames=1
AccType=
Company=
Date=2022-08-16
Description=
Device=TESCAN AMBER X
DeviceModel=S8251X
FullUserName=Final assembly
ImageStripSize=79
Magnification=698.0
MagnificationReference=0.1396
OrigFileName=EV_test_2uA
PixelSizeX=0.000000390625
PixelSizeY=0.000000390625
SerialNumber=121-0319
Sign=
SoftwareVersion=TESCAN Essence Version 1.1.6.1, build 4866
Time=08:58:36
UserName=*5
ViewFieldsCountX=1
ViewFieldsCountY=1

[SEM]
AcceleratorVoltage=10000.0
ApertureOptimization=0.0
BeamCurrent=0.0000000003
ChamberPressure=0.00011884
CrossFree=0
CrossSectionShiftX=-0.0
CrossSectionShiftY=-0.0
DepthOfFocus=0.00013964
Detector=E-T
Detector0=E-T
Detector0Gain=35.995
Detector0Offset=74.28
DwellTime=0.000032
DynamicFocusAngle1=-35.0
DynamicFocusAngle2=-35.0
DynamicFocusBreakPos=1.0
EmissionCurrent=0.000161528994795
Gun=Schottky
GunShiftX=0.0
GunShiftY=0.0
GunTiltX=4.49231636
GunTiltY=5.57355112
HV=10000.0
IMLCenteringX=-0.75843682
IMLCenteringY=-3.91962789
ImageShiftX=-0.0000099
ImageShiftY=0.0000106
InjectedGas=N2
LUTGamma=1.0
LUTMaximum=1.0
LUTMinimum=0.0
MTDGrid=0.0
MTDScintillator=11000.0
OBJCenteringX=13.91740948
OBJCenteringY=6.21633486
OBJPreCenteringX=-0.4081989
OBJPreCenteringY=6.63846713
PotentialMode=Universal
PredictedBeamCurrent=0.0000000003
PrimaryDetectorGain=35.995
PrimaryDetectorOffset=74.28
SampleVoltage=0.0
ScanMode=DEPTH
ScanRotation=0.0
ScanSpeed=6.0
SpecimenCurrent=-0.000000000148
SpotSize=0.0000000039
StageRotation=275.701
StageTilt=54.999
StageX=0.00089747
StageY=0.004848198
StageZ=0.005751204
StigmatorX=4.08318058
StigmatorY=-2.38868723
SymmetrizationVoltage=-174.0
TiltCorrection=35.001
TubeVoltage=3000.0
VirtualObserverDistance=0.01781761
WD=0.006000001

