[MAIN]
AccFrames=1
AccType=
Company=
Date=2022-08-16
Description=
Device=TESCAN AMBER X
DeviceModel=S8251X
FullUserName=Final assembly
ImageStripSize=79
Magnification=930.66666667
MagnificationReference=0.1396
OrigFileName=2uA_spot_only
PixelSizeX=0.00000029296875
PixelSizeY=0.00000029296875
SerialNumber=121-0319
Sign=
SoftwareVersion=TESCAN Essence Version 1.1.6.1, build 4866
Time=10:00:34
UserName=*5
ViewFieldsCountX=1
ViewFieldsCountY=1

[SEM]
AcceleratorVoltage=10000.0
ApertureOptimization=1.0
BeamCurrent=0.0000000003
ChamberPressure=0.00011765
CrossFree=0
CrossSectionShiftX=-0.0
CrossSectionShiftY=-0.0
DepthOfFocus=0.00008983
Detector=E-T
Detector0=E-T
Detector0Gain=36.2
Detector0Offset=74.52
DwellTime=0.000032
DynamicFocusAngle1=-35.0
DynamicFocusAngle2=-35.0
DynamicFocusBreakPos=1.0
EmissionCurrent=0.000161353003932
Gun=Schottky
GunShiftX=0.0
GunShiftY=0.0
GunTiltX=4.96070917
GunTiltY=6.36780354
HV=10000.0
IMLCenteringX=-0.97059284
IMLCenteringY=-3.53937515
ImageShiftX=-0.0000099
ImageShiftY=0.0000106
InjectedGas=N2
LUTGamma=1.0
LUTMaximum=1.0
LUTMinimum=0.0
MTDGrid=0.0
MTDScintillator=8000.0
OBJCenteringX=15.35748176
OBJCenteringY=4.65917222
OBJPreCenteringX=-0.50961063
OBJPreCenteringY=6.54220861
PredictedBeamCurrent=0.0000000003
PrimaryDetectorGain=36.2
PrimaryDetectorOffset=74.52
SampleVoltage=0.0
ScanMode=ANALYSIS
ScanRotation=0.0
ScanSpeed=6.0
SpecimenCurrent=-0.000000000114
SpotSize=0.0000000036
StageRotation=275.701
StageTilt=54.999
StageX=0.001221391
StageY=0.005004512
StageZ=0.005751204
StigmatorX=4.06847634
StigmatorY=-2.00510267
SymmetrizationVoltage=0.0
TiltCorrection=35.001
TubeVoltage=0.0
VirtualObserverDistance=0.01789866
WD=0.006000001

