[MAIN]
AccFrames=1
AccType=
Company=
Date=2022-08-16
Description=
Device=TESCAN AMBER X
DeviceModel=S8251X
FullUserName=Final assembly
ImageStripSize=79
Magnification=698.0
MagnificationReference=0.1396
OrigFileName=EV_test_2uA_Analysis
PixelSizeX=0.000000390625
PixelSizeY=0.000000390625
SerialNumber=121-0319
Sign=
SoftwareVersion=TESCAN Essence Version 1.1.6.1, build 4866
Time=08:57:59
UserName=*5
ViewFieldsCountX=1
ViewFieldsCountY=1

[SEM]
AcceleratorVoltage=10000.0
ApertureOptimization=1.0
BeamCurrent=0.0000000003
ChamberPressure=0.00011884
CrossFree=0
CrossSectionShiftX=-0.0
CrossSectionShiftY=-0.0
DepthOfFocus=0.00011977
Detector=E-T
Detector0=E-T
Detector0Gain=36.0
Detector0Offset=74.28
DwellTime=0.000032
DynamicFocusAngle1=-35.0
DynamicFocusAngle2=-35.0
DynamicFocusBreakPos=1.0
EmissionCurrent=0.000161532007041
Gun=Schottky
GunShiftX=0.0
GunShiftY=0.0
GunTiltX=4.96070917
GunTiltY=6.36780354
HV=10000.0
IMLCenteringX=-0.97059284
IMLCenteringY=-3.53937515
ImageShiftX=-0.0000099
ImageShiftY=0.0000106
InjectedGas=N2
LUTGamma=1.0
LUTMaximum=1.0
LUTMinimum=0.0
MTDGrid=0.0
MTDScintillator=8000.0
OBJCenteringX=15.35748176
OBJCenteringY=4.65917222
OBJPreCenteringX=-0.50961063
OBJPreCenteringY=6.54220861
PredictedBeamCurrent=0.0000000003
PrimaryDetectorGain=36.0
PrimaryDetectorOffset=74.28
SampleVoltage=0.0
ScanMode=ANALYSIS
ScanRotation=0.0
ScanSpeed=6.0
SpecimenCurrent=-0.000000000119
SpotSize=0.0000000036
StageRotation=275.701
StageTilt=54.999
StageX=0.00089747
StageY=0.004848198
StageZ=0.005751204
StigmatorX=4.06847634
StigmatorY=-2.00510267
SymmetrizationVoltage=0.0
TiltCorrection=35.001
TubeVoltage=0.0
VirtualObserverDistance=0.01789866
WD=0.006000001

