[MAIN]
AccFrames=1
AccType=
Company=
Date=2022-03-25
Description=
Device=TESCAN SOLARIS
DeviceModel=S9251G
FullUserName=Final assembly
ImageStripSize=79
Magnification=100101.11113489
MagnificationReference=0.1396
OrigFileName=30 keV; 50 pA
PixelSizeX=0.000000002723808
PixelSizeY=0.000000002723808
SerialNumber=121-0201
Sign=
SoftwareVersion=TESCAN Essence Version 1.1.5.0, build 4601
Time=14:53:27
UserName=*5
ViewFieldsCountX=1
ViewFieldsCountY=1

[SEM]
AcceleratorVoltage=10000.0
ApertureOptimization=1.0
BeamCurrent=0.0000000003
ChamberPressure=0.00045716
CrossFree=0
CrossSectionShiftX=-0.00000055
CrossSectionShiftY=-0.0
DepthOfFocus=0.00000036
Detector=In-Beam SE
Detector0=In-Beam SE
Detector0Gain=43.75
Detector0Offset=67.5
DwellTime=0.000032
DynamicFocusAngle1=55.0
DynamicFocusAngle2=55.0
DynamicFocusBreakPos=1.0
EmissionCurrent=0.000155576999532
Gun=Schottky
GunShiftX=0.0
GunShiftY=0.0
GunTiltX=1.19345107
GunTiltY=-7.49058406
HV=10000.0
IMLCenteringX=0.79753201
IMLCenteringY=0.99622339
ImageShiftX=-0.0
ImageShiftY=-0.0
InBeamExtractor=201.6
InBeamFBSEGrid=0.0
InBeamFBSEScintillator=4000.0
InBeamScintillator=10000.0
InjectedGas=N2
LUTGamma=1.0
LUTMaximum=1.0
LUTMinimum=0.0
OBJCenteringX=5.5810078
OBJCenteringY=-7.37017349
OBJPreCenteringX=-0.63181034
OBJPreCenteringY=4.1586803
PredictedBeamCurrent=0.0000000003
PrimaryDetectorGain=43.75
PrimaryDetectorOffset=67.5
SampleVoltage=0.0
ScanMode=UH-RESOLUTION
ScanRotation=0.0
ScanSpeed=6.0
SpecimenCurrent=-0.000000000022
SpotSize=0.0000000018
StageRotation=30.0
StageTilt=54.999
StageX=0.002396853
StageY=-0.001880857
StageZ=0.004351011
StigmatorX=-1.25334986
StigmatorY=0.65263924
SymmetrizationVoltage=0.0
TiltCorrection=0.0
TubeVoltage=0.0
VirtualObserverDistance=0.00509633
WD=0.004996476

