[MAIN]
AccFrames=1
AccType=
Company=
Date=2022-08-30
Description=
Device=TESCAN AMBER X
DeviceModel=S8254X
FullUserName=Final assembly
ImageStripSize=79
Magnification=2792.0
MagnificationReference=0.1396
OrigFileName=EV_test_300nA
PixelSizeX=0.00000009765625
PixelSizeY=0.00000009765625
SerialNumber=122-0049
Sign=
SoftwareVersion=TESCAN Essence Version 1.1.7.0, build 4964
Time=05:26:52
UserName=*5
ViewFieldsCountX=1
ViewFieldsCountY=1

[SEM]
AcceleratorVoltage=5000.0
ApertureOptimization=0.0
BeamCurrent=0.0000000003
ChamberPressure=0.00016788
CrossFree=0
CrossSectionShiftX=-0.00001291
CrossSectionShiftY=0.00000004
DepthOfFocus=0.00002403
Detector=E-T
Detector0=E-T
Detector0Gain=34.788
Detector0Offset=73.505
DwellTime=0.0001
DynamicFocusAngle1=-35.0
DynamicFocusAngle2=-35.0
DynamicFocusBreakPos=1.0
EmissionCurrent=0.00012593399407
Gun=Schottky
GunShiftX=0.0
GunShiftY=0.0
GunTiltX=-9.87314178
GunTiltY=-19.83881602
HV=5000.0
IMLCenteringX=-1.62826701
IMLCenteringY=8.75023765
ImageShiftX=-0.0
ImageShiftY=-0.0
InjectedGas=N2
IonizationBias=0.0
LUTGamma=1.0023168
LUTMaximum=1.0
LUTMinimum=0.0
MTDGrid=0.0
MTDScintillator=12000.0
OBJCenteringX=-1.28310982
OBJCenteringY=-7.22206569
OBJPreCenteringX=1.78640437
OBJPreCenteringY=-2.58460576
PotentialMode=BrightBeam
PredictedBeamCurrent=0.0000000003
PrimaryDetectorGain=34.788
PrimaryDetectorOffset=73.505
SampleVoltage=0.0
ScanMode=DEPTH
ScanRotation=0.0
ScanSpeed=7.0
SpecimenCurrent=-0.000000000021
SpotSize=0.0000000041
StageRotation=294.673
StageTilt=55.0
StageX=0.006020434
StageY=-0.003884571
StageZ=0.006893325
StigmatorX=-1.27904219
StigmatorY=1.6835349
SymmetrizationVoltage=-0.0
TiltCorrection=35.0
TubeVoltage=7000.0
VirtualObserverDistance=0.01979238
WD=0.005928531

[EXTENSIONS]
Measurements=PD94bWwgdmVyc2lvbj0iMS4wIiBlbmNvZGluZz0iVVRGLTgiPz4KPE1lYXN1cmVtZW50T2JqZWN0cy8+Cg==

