[MAIN]
AccFrames=1
AccType=
Company=
Date=2022-10-10
Description=
Device=TESCAN AMBER X
DeviceModel=S8252X
FullUserName=Final assembly
ImageStripSize=79
Magnification=2792.0
MagnificationReference=0.1396
OrigFileName=EV_test_300nA
PixelSizeX=0.00000009765625
PixelSizeY=0.00000009765625
SerialNumber=122-0007
Sign=
SoftwareVersion=TESCAN Essence Version 1.1.8.1, build 5116
Time=13:50:58
UserName=*5
ViewFieldsCountX=1
ViewFieldsCountY=1

[SEM]
AcceleratorVoltage=10000.0
ApertureOptimization=0.0
BeamCurrent=0.0000000003
ChamberPressure=0.00089796
CrossFree=0
CrossSectionShiftX=0.00000213
CrossSectionShiftY=-0.0
DepthOfFocus=0.00003456
Detector=E-T
Detector0=E-T
Detector0Gain=37.5
Detector0Offset=74.688
DwellTime=0.0001
EmissionCurrent=0.000173386000995
Gun=Schottky
GunShiftX=0.0
GunShiftY=0.0
GunTiltX=-3.67524887
GunTiltY=-3.22341223
HV=10000.0
IMLCenteringX=9.25423858
IMLCenteringY=-29.35752715
ImageShiftX=-0.0
ImageShiftY=-0.0
InjectedGas=N2
LUTGamma=1.0
LUTMaximum=1.0
LUTMinimum=0.0
MTDGrid=0.0
MTDScintillator=11000.0
OBJCenteringX=-8.92650505
OBJCenteringY=27.07799802
OBJPreCenteringX=-5.19564101
OBJPreCenteringY=0.53901395
PotentialMode=Universal
PredictedBeamCurrent=0.0000000003
PrimaryDetectorGain=37.5
PrimaryDetectorOffset=74.688
SampleVoltage=0.0
ScanID=471
ScanMode=DEPTH
ScanRotation=0.0
ScanSpeed=7.0
SessionID=7b8ae4fd-7b2a-4df7-834f-a3ea02c23456
SpecimenCurrent=-0.000000000125
SpotSize=0.0000000038
StageRotation=40.90496042
StageTilt=54.999
StageTiltY'=0.0
StageX=0.003733679
StageY=0.000109241
StageZ=0.00376237
StigmatorX=-0.61941737
StigmatorY=-0.29300463
SymmetrizationVoltage=-237.0
TiltCorrection=0.0
TubeVoltage=3000.0
VirtualObserverDistance=0.01762273
WD=0.005956246

