[MAIN]
AccFrames = 3
AccType = Frame
Company = 
Date = 2023-04-04
Device = TESCAN SOLARIS
DeviceModel = S9252G
FullUserName = Application developer
Magnification = 27920.0
MagnificationReference = 0.1396
PixelSizeX = 0.000000009765625
PixelSizeY = 0.000000009765625
SerialNumber = 121-0297
SoftwareVersion = TESCAN Essence Version 1.2.2.0, build 5848
Time = 09:57:39
UserName = *14
ViewFieldsCountX = 1
ViewFieldsCountY = 1

[SEM]
AcceleratorVoltage = 5000.0
ApertureOptimization = 1.0
ChamberPressure = 0.00015644
CrossFree = 0
CrossSectionShiftX = -0.00005983
CrossSectionShiftY = -0.00000002
DepthOfFocus = 0.00000512
Detector = SE
Detector0 = SE
Detector0Gain = 35.2
Detector0Offset = 76.2
DwellTime = 0.0000032
EmissionCurrent = 0.000202234005
Gun = Schottky
GunShiftX = 0.0
GunShiftY = 0.0
GunTiltX = -5.3
GunTiltY = -2.4
HV = 5000.0
IMLCenteringX = 0.9
IMLCenteringY = -12.6
ImageShiftX = 0.0000003
ImageShiftY = -0.0000025
InBeamExtractor = 199.0
InBeamFBSEGrid = 0.0
InBeamFBSEScintillator = 4000.0
InBeamScintillator = 10000.0
InjectedGas = N2
LUTGamma = 1.0
LUTMaximum = 1.0
LUTMinimum = 0.0
OBJCenteringX = 18.37422371
OBJCenteringY = -4.50403677
OBJPreCenteringX = 0.2
OBJPreCenteringY = 3.7
PredictedBeamCurrent = 0.0000000003
SampleVoltage = 0.0
ScanMode = ANALYSIS
ScanRotation = 0.0
ScanSpeed = 4.0
SessionID = 37d1b309-c713-418a-9021-d7b70a4d259d
SpecimenCurrent = -0.000000000142
SpotSize = 0.0000000089
StageRotation = 99.232
StageTilt = 54.999
StageX = -0.015847953
StageY = -0.001549953
StageZ = 0.00546502
StigmatorX = -0.50000001
StigmatorY = 2.40000003
SymmetrizationVoltage = 0.0
TiltCorrection = 0.0
TubeVoltage = 0.0
VirtualObserverDistance = 0.04395442
WD = 0.005082248

