[MAIN]
AccFrames=1
AccType=
Company=
Date=2022-07-15
Description=
Device=TESCAN AMBER X
DeviceModel=S8251X
FullUserName=Final assembly
ImageStripSize=79
Magnification=2792.0
MagnificationReference=0.1396
OrigFileName=EV_test_300nA
PixelSizeX=0.00000009765625
PixelSizeY=0.00000009765625
SerialNumber=122-0046
Sign=
SoftwareVersion=TESCAN Essence Version 1.1.6.2, build 4909
Time=11:39:26
UserName=*5
ViewFieldsCountX=1
ViewFieldsCountY=1

[SEM]
AcceleratorVoltage=10000.0
ApertureOptimization=0.0
BeamCurrent=0.0000000003
ChamberPressure=0.00023141
CrossFree=0
CrossSectionShiftX=-0.0
CrossSectionShiftY=-0.0
DepthOfFocus=0.00003443
Detector=E-T
Detector0=E-T
Detector0Gain=34.476
Detector0Offset=74.63
DwellTime=0.000032
DynamicFocusAngle1=-35.0
DynamicFocusAngle2=-35.0
DynamicFocusBreakPos=1.0
EmissionCurrent=0.000151635995451
Gun=Schottky
GunShiftX=0.0
GunShiftY=0.0
GunTiltX=22.04420298
GunTiltY=-3.47165543
HV=10000.0
IMLCenteringX=0.66715813
IMLCenteringY=-8.0696807
ImageShiftX=-0.0000024
ImageShiftY=-0.0000034
InjectedGas=N2
LUTGamma=1.0
LUTMaximum=1.0
LUTMinimum=0.0
MTDGrid=0.0
MTDScintillator=11000.0
OBJCenteringX=6.45587678
OBJCenteringY=13.10595331
OBJPreCenteringX=-3.10529384
OBJPreCenteringY=-0.44111291
PotentialMode=Universal
PredictedBeamCurrent=0.0000000003
PrimaryDetectorGain=34.476
PrimaryDetectorOffset=74.63
SampleVoltage=0.0
ScanMode=DEPTH
ScanRotation=0.0
ScanSpeed=6.0
SpecimenCurrent=-0.000000000128
SpotSize=0.0000000039
StageRotation=0.001
StageTilt=54.999
StageX=0.001315147
StageY=0.004784273
StageZ=0.006600796
StigmatorX=-1.75606019
StigmatorY=-4.40405626
SymmetrizationVoltage=-159.0
TiltCorrection=35.001
TubeVoltage=3000.0
VirtualObserverDistance=0.01775588
WD=0.006000001

