[MAIN]
AccFrames=1
AccType=
Company=
Date=2022-10-12
Description=
Device=TESCAN AMBER X
DeviceModel=S8252X
FullUserName=Final assembly
ImageStripSize=79
Magnification=2987.46627357
MagnificationReference=0.1396
OrigFileName=EV_test_300nA
PixelSizeX=0.000000091266721
PixelSizeY=0.000000091266721
SerialNumber=122-0058
Sign=
SoftwareVersion=TESCAN Essence Version 1.1.8.1, build 5116
Time=12:28:15
UserName=*5
ViewFieldsCountX=1
ViewFieldsCountY=1

[SEM]
AcceleratorVoltage=10000.0
ApertureOptimization=1.0
BeamCurrent=0.0000000003
ChamberPressure=0.00018782
CrossFree=0
CrossSectionShiftX=-0.00000037
CrossSectionShiftY=-0.0
DepthOfFocus=0.00002792
Detector=E-T
Detector0=E-T
Detector0Gain=35.02
Detector0Offset=80.13
DwellTime=0.0001
EmissionCurrent=0.000133887995617
Gun=Schottky
GunShiftX=0.0
GunShiftY=0.0
GunTiltX=-0.3997356
GunTiltY=-21.49715791
HV=10000.0
IMLCenteringX=0.40947294
IMLCenteringY=2.21411179
ImageShiftX=-0.000001
ImageShiftY=0.0000165
InjectedGas=N2
LUTGamma=0.38475581
LUTMaximum=1.0
LUTMinimum=0.0
MTDGrid=0.0
MTDScintillator=8000.0
OBJCenteringX=-25.65966383
OBJCenteringY=-12.83363399
OBJPreCenteringX=0.69311012
OBJPreCenteringY=-4.17900328
PredictedBeamCurrent=0.0000000003
PrimaryDetectorGain=35.02
PrimaryDetectorOffset=80.13
SampleVoltage=0.0
ScanID=35
ScanMode=ANALYSIS
ScanRotation=0.0
ScanSpeed=7.0
SessionID=f93f79cd-7283-4241-9645-259b74a89e57
SpecimenCurrent=-0.00000000011
SpotSize=0.0000000037
StageRotation=0.0
StageTilt=54.999
StageX=0.003069646
StageY=-0.001246344
StageZ=0.005995123
StigmatorX=-0.37479761
StigmatorY=2.38572414
SymmetrizationVoltage=0.0
TiltCorrection=0.0
TubeVoltage=0.0
VirtualObserverDistance=0.01746459
WD=0.005979711

