[MAIN]
AccFrames=1
AccType=
Company=
Date=2022-10-12
Description=
Device=TESCAN AMBER X
DeviceModel=S8252X
FullUserName=Final assembly
ImageStripSize=79
Magnification=2792.0
MagnificationReference=0.1396
OrigFileName=EV_test_300nA_measurement
PixelSizeX=0.00000009765625
PixelSizeY=0.00000009765625
SerialNumber=122-0058
Sign=
SoftwareVersion=TESCAN Essence Version 1.1.8.1, build 5116
Time=09:12:08
UserName=*5
ViewFieldsCountX=1
ViewFieldsCountY=1

[SEM]
AcceleratorVoltage=10000.0
ApertureOptimization=1.0
BeamCurrent=0.0000000003
ChamberPressure=0.00018864
CrossFree=0
CrossSectionShiftX=-0.00000037
CrossSectionShiftY=-0.0
DepthOfFocus=0.00002988
Detector=E-T
Detector0=E-T
Detector0Gain=32.767
Detector0Offset=81.371
DwellTime=0.0001
DynamicFocusAngle1=-35.0
DynamicFocusAngle2=-35.0
DynamicFocusBreakPos=1.0
EmissionCurrent=0.000134061003337
Gun=Schottky
GunShiftX=0.0
GunShiftY=0.0
GunTiltX=-0.3997356
GunTiltY=-21.49715791
HV=10000.0
IMLCenteringX=0.40947294
IMLCenteringY=2.21411179
ImageShiftX=-0.000006
ImageShiftY=-0.000016
InjectedGas=N2
LUTGamma=0.38475581
LUTMaximum=1.0
LUTMinimum=0.0
MTDGrid=0.0
MTDScintillator=8000.0
OBJCenteringX=-25.65966383
OBJCenteringY=-12.83363399
OBJPreCenteringX=0.69311012
OBJPreCenteringY=-4.17900328
PredictedBeamCurrent=0.0000000003
PrimaryDetectorGain=32.767
PrimaryDetectorOffset=81.371
SampleVoltage=0.0
ScanID=4853
ScanMode=ANALYSIS
ScanRotation=0.0
ScanSpeed=7.0
SessionID=d18240db-028a-44f6-995a-e1fd21c63e0a
SpecimenCurrent=-0.000000000125
SpotSize=0.0000000037
StageRotation=0.0
StageTilt=54.999
StageX=0.004103662
StageY=-0.001539225
StageZ=0.005986786
StigmatorX=-0.37479761
StigmatorY=2.38572414
SymmetrizationVoltage=0.0
TiltCorrection=35.001
TubeVoltage=0.0
VirtualObserverDistance=0.01746459
WD=0.005979711

[EXTENSIONS]
Measurements=PD94bWwgdmVyc2lvbj0iMS4wIiBlbmNvZGluZz0iVVRGLTgiPz4KPE1lYXN1cmVtZW50T2JqZWN0cy8+Cg==

[HISTORY]
User: Final assembly
2022-10-13 08:54:40 Overlays burned
