[MAIN]
AccFrames=1
AccType=
Company=
Date=2022-09-12
Description=
Device=TESCAN AMBER X
DeviceModel=S8252X
FullUserName=Final assembly
ImageStripSize=79
Magnification=3540.0
MagnificationReference=0.1416
OrigFileName=EV_test_100nA_Analysis
PixelSizeX=0.000000078125
PixelSizeY=0.000000078125
SerialNumber=122-0071
Sign=
SoftwareVersion=TESCAN Essence Version 1.1.8.0, build 5068
Time=10:36:34
UserName=*5
ViewFieldsCountX=1
ViewFieldsCountY=1

[SEM]
AcceleratorVoltage=10000.0
ApertureOptimization=1.0
BeamCurrent=0.0000000003
ChamberPressure=0.00013373
CrossFree=0
CrossSectionShiftX=-0.0
CrossSectionShiftY=-0.0
DepthOfFocus=0.00002381
Detector=E-T
Detector0=E-T
Detector0Gain=39.39
Detector0Offset=75.01
DwellTime=0.000032
DynamicFocusAngle1=-35.0
DynamicFocusAngle2=-35.0
DynamicFocusBreakPos=1.0
EmissionCurrent=0.00015701799822
Gun=Schottky
GunShiftX=0.0
GunShiftY=0.0
GunTiltX=16.62333611
GunTiltY=14.25586419
HV=10000.0
IMLCenteringX=50.02742274
IMLCenteringY=-7.7390485
ImageShiftX=-0.0000026
ImageShiftY=0.0000112
InjectedGas=N2
LUTGamma=1.0
LUTMaximum=1.0
LUTMinimum=0.0
MTDGrid=0.0
MTDScintillator=8000.0
OBJCenteringX=4.59333484
OBJCenteringY=28.52657753
OBJPreCenteringX=-1.11876763
OBJPreCenteringY=-2.1960164
PredictedBeamCurrent=0.0000000003
PrimaryDetectorGain=39.39
PrimaryDetectorOffset=75.01
SampleVoltage=0.0
ScanID=1875
ScanMode=ANALYSIS
ScanRotation=0.0
ScanSpeed=6.0
SessionID=a31e7cc9-88db-4e53-9e9c-9f8abe37e7f6
SpecimenCurrent=-0.000000000136
SpotSize=0.0000000037
StageRotation=27.801
StageTilt=55.0
StageX=-0.001044651
StageY=0.005881347
StageZ=0.005484235
StigmatorX=3.44578506
StigmatorY=2.19476726
SymmetrizationVoltage=0.0
TiltCorrection=35.0
TubeVoltage=0.0
VirtualObserverDistance=0.01809417
WD=0.005999985

