[MAIN]
AccFrames=1
AccType=
Company=
Date=2022-09-09
Description=
Device=TESCAN AMBER X
DeviceModel=S8252X
FullUserName=Final assembly
ImageStripSize=79
Magnification=944.30394898
MagnificationReference=0.1416
OrigFileName=EV_test_3uA
PixelSizeX=0.00000029287445
PixelSizeY=0.00000029287445
SerialNumber=122-0071
Sign=
SoftwareVersion=TESCAN Essence Version 1.1.8.0, build 5068
Time=12:46:26
UserName=*5
ViewFieldsCountX=1
ViewFieldsCountY=1

[SEM]
AcceleratorVoltage=10000.0
ApertureOptimization=0.0
BeamCurrent=0.0000000003
ChamberPressure=0.0003042
CrossFree=0
CrossSectionShiftX=-0.0
CrossSectionShiftY=-0.0
DepthOfFocus=0.00009727
Detector=E-T
Detector0=E-T
Detector0Gain=41.272
Detector0Offset=75.27
DwellTime=0.000032
DynamicFocusAngle1=-35.0
DynamicFocusAngle2=-35.0
DynamicFocusBreakPos=1.0
EmissionCurrent=0.000156567994793
Gun=Schottky
GunShiftX=0.0
GunShiftY=0.0
GunTiltX=15.4667657
GunTiltY=13.96904302
HV=10000.0
IMLCenteringX=32.79619524
IMLCenteringY=-2.59071733
ImageShiftX=-0.00000375
ImageShiftY=-0.00000885
InjectedGas=N2
LUTGamma=1.0
LUTMaximum=1.0
LUTMinimum=0.0
MTDGrid=0.0
MTDScintillator=11000.0
OBJCenteringX=4.08901131
OBJCenteringY=32.17232946
OBJPreCenteringX=0.11278423
OBJPreCenteringY=-1.98023439
PotentialMode=Universal
PredictedBeamCurrent=0.0000000003
PrimaryDetectorGain=41.272
PrimaryDetectorOffset=75.27
SampleVoltage=0.0
ScanID=820
ScanMode=DEPTH
ScanRotation=0.0
ScanSpeed=6.0
SessionID=a31e7cc9-88db-4e53-9e9c-9f8abe37e7f6
SpecimenCurrent=-0.00000000012
SpotSize=0.0000000038
StageRotation=27.801
StageTilt=55.0
StageX=-0.002837495
StageY=0.001079645
StageZ=0.005487247
StigmatorX=2.08203856
StigmatorY=3.63053691
SymmetrizationVoltage=-192.0
TiltCorrection=35.0
TubeVoltage=3000.0
VirtualObserverDistance=0.01794242
WD=0.005994228

