[MAIN]
AccFrames=1
AccType=
Company=
Date=2022-09-09
Description=
Device=TESCAN AMBER X
DeviceModel=S8252X
FullUserName=Final assembly
ImageStripSize=79
Magnification=1061.14106557
MagnificationReference=0.1416
OrigFileName=EV_test_2uA_Analysis_spotonly
PixelSizeX=0.000000260627459
PixelSizeY=0.000000260627459
SerialNumber=122-0071
Sign=
SoftwareVersion=TESCAN Essence Version 1.1.8.0, build 5068
Time=13:57:20
UserName=*5
ViewFieldsCountX=1
ViewFieldsCountY=1

[SEM]
AcceleratorVoltage=10000.0
ApertureOptimization=1.0
BeamCurrent=0.0000000003
ChamberPressure=0.00021442
CrossFree=0
CrossSectionShiftX=-0.0
CrossSectionShiftY=-0.0
DepthOfFocus=0.00007944
Detector=E-T
Detector0=E-T
Detector0Gain=39.3
Detector0Offset=75.01
DwellTime=0.000032
DynamicFocusAngle1=-35.0
DynamicFocusAngle2=-35.0
DynamicFocusBreakPos=1.0
EmissionCurrent=0.000156877994243
Gun=Schottky
GunShiftX=0.0
GunShiftY=0.0
GunTiltX=16.62333611
GunTiltY=14.25586419
HV=10000.0
IMLCenteringX=50.02742274
IMLCenteringY=-7.7390485
ImageShiftX=0.00000225
ImageShiftY=0.0000119
InjectedGas=N2
LUTGamma=1.0
LUTMaximum=1.0
LUTMinimum=0.0
MTDGrid=0.0
MTDScintillator=8000.0
OBJCenteringX=4.59333484
OBJCenteringY=28.52657753
OBJPreCenteringX=-1.11876763
OBJPreCenteringY=-2.1960164
PredictedBeamCurrent=0.0000000003
PrimaryDetectorGain=39.3
PrimaryDetectorOffset=75.01
SampleVoltage=0.0
ScanID=1254
ScanMode=ANALYSIS
ScanRotation=0.0
ScanSpeed=6.0
SessionID=a31e7cc9-88db-4e53-9e9c-9f8abe37e7f6
SpecimenCurrent=-0.000000000109
SpotSize=0.0000000037
StageRotation=27.801
StageTilt=55.0
StageX=-0.003621677
StageY=0.003305187
StageZ=0.005484235
StigmatorX=3.44578506
StigmatorY=2.19476726
SymmetrizationVoltage=0.0
TiltCorrection=35.0
TubeVoltage=0.0
VirtualObserverDistance=0.01809419
WD=0.006000001

