[MAIN]
AccFrames=1
AccType=
Company=
Date=2022-11-01
Description=
Device=TESCAN SOLARIS X
DeviceModel=S9251X
FullUserName=Final assembly
ImageStripSize=79
Magnification=698.0
MagnificationReference=0.1396
OrigFileName=EV_test_2uA
PixelSizeX=0.000000390625
PixelSizeY=0.000000390625
SerialNumber=122-0109
Sign=
SoftwareVersion=TESCAN Essence Version 1.1.8.1, build 5116
Time=11:45:54
UserName=*5
ViewFieldsCountX=1
ViewFieldsCountY=1

[SEM]
AcceleratorVoltage=10000.0
ApertureOptimization=1.0
BeamCurrent=0.0000000003
ChamberPressure=0.00019303
CrossFree=0
CrossSectionShiftX=0.0
CrossSectionShiftY=-0.0
DepthOfFocus=0.00022093
Detector=SE
Detector0=SE
Detector0Gain=35.937
Detector0Offset=76.07
DwellTime=0.000032
DynamicFocusAngle1=-35.0
DynamicFocusAngle2=-35.0
DynamicFocusBreakPos=1.0
EmissionCurrent=0.000163116000635
Gun=Schottky
GunShiftX=0.0
GunShiftY=0.0
GunTiltX=-2.22491536
GunTiltY=-6.69571453
HV=10000.0
IMLCenteringX=-17.85845053
IMLCenteringY=-1.88773174
ImageShiftX=-0.00002501
ImageShiftY=-0.00006004
InBeamExtractor=203.2
InBeamFBSEGrid=0.0
InBeamFBSEScintillator=4000.0
InBeamScintillator=10000.0
InjectedGas=N2
LUTGamma=1.0
LUTMaximum=1.0
LUTMinimum=0.0
OBJCenteringX=3.41733914
OBJCenteringY=-3.92216493
OBJPreCenteringX=2.74202596
OBJPreCenteringY=2.87802177
PredictedBeamCurrent=0.0000000003
PrimaryDetectorGain=35.937
PrimaryDetectorOffset=76.07
SampleVoltage=0.0
ScanID=25063
ScanMode=ANALYSIS
ScanRotation=0.0
ScanSpeed=6.0
SessionID=5f5df51c-394b-4560-aba7-bd79455f531c
SpecimenCurrent=-0.000000000047
SpotSize=0.0000000069
StageRotation=30.0
StageTilt=54.999
StageX=0.003390141
StageY=0.001639559
StageZ=0.004130291
StigmatorX=0.99441795
StigmatorY=0.63823841
SymmetrizationVoltage=0.0
TiltCorrection=35.001
TubeVoltage=0.0
VirtualObserverDistance=0.04428557
WD=0.005000001

[EXTENSIONS]
Measurements=PD94bWwgdmVyc2lvbj0iMS4wIiBlbmNvZGluZz0iVVRGLTgiPz4KPE1lYXN1cmVtZW50T2JqZWN0cy8+Cg==

[HISTORY]
User: Final assembly
2022-11-01 12:45:55 Overlays burned
