[MAIN]
Date=2022-09-06
Device=TESCAN AMBER
DeviceModel=S8251G
FullUserName=Final assembly
SerialNumber=122-0050
SoftwareVersion=TESCAN Essence Version 1.1.7.0, build 4964
Time=12:28:23
UserName=*5
PixelSizeX=1.56e-08
PixelSizeY=1.56e-08

[SEM]
AcceleratorVoltage=10000.0
ApertureOptimization=0.0
BeamCurrent=0.0000000003
ChamberPressure=0.00011833
CrossFree=0
CrossSectionShiftX=-0.0000041
CrossSectionShiftY=0.0
DynamicFocusAngle1=55.0
DynamicFocusAngle2=55.0
DynamicFocusBreakPos=1.0
EmissionCurrent=0.000170693994733
Gun=Schottky
GunShiftX=0.0
GunShiftY=0.0
GunTiltX=4.48140544
GunTiltY=9.56204845
HV=10000.0
IMLCenteringX=-7.79024984
IMLCenteringY=-6.80473481
ImageShiftX=-0.0000048
ImageShiftY=0.00000285
InjectedGas=N2
OBJCenteringX=33.32910054
OBJCenteringY=36.23665109
OBJPreCenteringX=1.15827521
OBJPreCenteringY=2.57283825
PotentialMode=Universal
PredictedBeamCurrent=0.0000000003
SampleVoltage=0.0
ScanMode=DEPTH
ScanRotation=0.0
SpecimenCurrent=-0.000000000003
SpotSize=0.0000000038
StageRotation=285.17
StageTilt=54.999
StageX=0.000443711
StageY=-0.002429938
StageZ=0.005151686
StigmatorX=3.40003126
StigmatorY=3.11264267
TiltCorrection=0.0
TubeVoltage=3000.0
VirtualObserverDistance=0.01792362
WD=0.00599867
