[FIB]
BeamCurrent=0.000000000028596
ChamberPressure=0.00087752
ColumnPressure=0.0000148
ColumnTilt=55
Condenser=-10348.4
Detector=SE
Detector0=SE
Detector0Gain=44.000
Detector0Offset=71.650
DwellTime=0.00003200
EmissionCurrent=0.000004993999937
Extractor=7888.8
GunPiezoX=-0.000035
GunPiezoY=-0.000008
GunPressure=0.0000148
HV=30000.0
ImageShiftX=0.00000000
ImageShiftY=0.00000000
Objective=15843.8
PresetAlignmentX=0.000000586
PresetAlignmentY=0.000002539
PrimaryDetectorGain=44.000
PrimaryDetectorOffset=71.650
ProbeApertureDiameter=0.00002
ProbeApertureIndex=2
ProbeApertureLabel=#2
ProbeAperturePositionX=-0.003203
ProbeAperturePositionY=0.004708001
ScanRotation=0.00000000
ScanSpeed=6.00000000
SpotSize=0.000000270977
StageRotation=301.00000000
StageTilt=54.99900000
StageX=-0.0022525670
StageY=0.0003309160
StageZ=0.0058357780
StigmatorX=-0.20000000
StigmatorY=0.60000000
Suppresor=-927.4
TiltCorrection=0.00000000
WD=0.012

[MAIN]
AccFrames=1
AccType=
Company=
Date=2021-07-26
Description=
Device=TESCAN SOLARIS
DeviceModel=S9251G
FullUserName=Final assembly
ImageStripSize=40
Magnification=1416.00000000
OrigFileName=100nA_WOB30V_PC99,1nA_FOV100um_FIB
PixelSizeX=0.000000195312500
PixelSizeY=0.000000195312500
SerialNumber=120-0263
Sign=
SoftwareVersion=TESCAN Essence Version 1.1.1.0, build 3885
Time=11:54:04
UserName=*5
ViewFieldsCountX=1
ViewFieldsCountY=1

