[MAIN]
AccFrames=1
AccType=
Company=
Date=2021-07-26
Description=
Device=TESCAN SOLARIS
DeviceModel=S9251G
FullUserName=Final assembly
ImageStripSize=79
Magnification=5057.14510701
OrigFileName=1nA_WOB10V_PC1,01nA_FOV28um_SEM
PixelSizeX=0.000000054687476
PixelSizeY=0.000000054687476
SerialNumber=120-0263
Sign=
SoftwareVersion=TESCAN Essence Version 1.1.1.0, build 3885
Time=13:23:25
UserName=*5
ViewFieldsCountX=1
ViewFieldsCountY=1

[SEM]
AcceleratorVoltage=10000.0
ApertureOptimization=1.00
BeamCurrent=0.000000000300
ChamberPressure=0.00052491
CrossFree=0
CrossSectionShiftX=-0.00000338
CrossSectionShiftY=-0.00000004
Detector=SE
Detector0=SE
Detector0Gain=34.616
Detector0Offset=74.130
DwellTime=0.00003200
DynamicFocusAngle1=55.0
DynamicFocusAngle2=55.0
DynamicFocusBreakPos=1.0
EmissionCurrent=0.000140213000122
Gun=Schottky
GunShiftX=0.00000000
GunShiftY=0.00000000
GunTiltX=-2.22438265
GunTiltY=11.29109459
HV=10000.0
IMLCenteringX=1.09182802
IMLCenteringY=-4.78158410
ImageShiftX=-0.00000170
ImageShiftY=0.00001995
InBeamExtractor=202.9
InBeamFBSEGrid=0.0
InBeamFBSEScintillator=4000.0
InBeamScintillator=10000.0
InjectedGas=N2
LUTGamma=1.00000000
LUTMaximum=1.00000000
LUTMinimum=0.00000000
OBJCenteringX=-1.77591026
OBJCenteringY=24.25610499
OBJPreCenteringX=1.51961990
OBJPreCenteringY=-2.69888328
PredictedBeamCurrent=0.000000000300
PrimaryDetectorGain=34.616
PrimaryDetectorOffset=74.130
SampleVoltage=0.0
ScanMode=ANALYSIS
ScanRotation=0.00000000
ScanSpeed=6.00000000
SpecimenCurrent=-0.000000000122
SpotSize=0.0000000070
StageRotation=301.00000000
StageTilt=54.99900000
StageX=-0.0027056710
StageY=0.0007005740
StageZ=0.0058357780
StigmatorX=-0.07752786
StigmatorY=4.44701581
SymmetrizationVoltage=0.0
TiltCorrection=0.00000000
TubeVoltage=0.0
VirtualObserverDistance=0.04337319
WD=0.005011882130668

