[FIB]
BeamCurrent=0.000000000010385
ChamberPressure=0.00051890
ColumnPressure=0.0000133
ColumnTilt=55
Condenser=25314.1
Detector=SE
Detector0=SE
Detector0Gain=45.950
Detector0Offset=73.730
DwellTime=0.00003200
EmissionCurrent=0.000001999999995
Extractor=7889
GunPiezoX=-0.000002
GunPiezoY=0.000002
GunPressure=0.0000133
HV=30000.0
ImageShiftX=0.00000000
ImageShiftY=0.00000000
Objective=15809.9
PresetAlignmentX=-0.000001953
PresetAlignmentY=-0.000000391
PrimaryDetectorGain=45.950
PrimaryDetectorOffset=73.730
ProbeApertureDiameter=0.00002
ProbeApertureIndex=2
ProbeApertureLabel=#2
ProbeAperturePositionX=-0.003273002
ProbeAperturePositionY=0.004717999
ScanRotation=0.00000000
ScanSpeed=6.00000000
SpotSize=0.00000020008
StageRotation=301.00000000
StageTilt=54.99900000
StageX=-0.0027336690
StageY=0.0006725710
StageZ=0.0058357780
StigmatorX=0.20000000
StigmatorY=-0.60000000
Suppresor=-445.2
TiltCorrection=0.00000000
WD=0.012

[MAIN]
AccFrames=1
AccType=
Company=
Date=2021-07-26
Description=
Device=TESCAN SOLARIS
DeviceModel=S9251G
FullUserName=Final assembly
ImageStripSize=40
Magnification=5057.14285714
OrigFileName=1nA_WOB10V_PC1,01nA_FOV28um_FIB
PixelSizeX=0.000000054687500
PixelSizeY=0.000000054687500
SerialNumber=120-0263
Sign=
SoftwareVersion=TESCAN Essence Version 1.1.1.0, build 3885
Time=13:27:47
UserName=*5
ViewFieldsCountX=1
ViewFieldsCountY=1

