[FIB]
BeamCurrent=0.000000000027796
ChamberPressure=0.00077312
ColumnPressure=0.0000145
ColumnTilt=55
Condenser=-10287.1
Detector=SE
Detector0=SE
Detector0Gain=43.530
Detector0Offset=73.080
DwellTime=0.00003200
EmissionCurrent=0.000002013000085
Extractor=7888.8
GunPiezoX=-0.000035
GunPiezoY=-0.000008
GunPressure=0.0000145
HV=30000.0
ImageShiftX=0.00000000
ImageShiftY=0.00000000
Objective=15917.5
PresetAlignmentX=0.000001172
PresetAlignmentY=0.000001172
PrimaryDetectorGain=43.530
PrimaryDetectorOffset=73.080
ProbeApertureDiameter=0.00002
ProbeApertureIndex=2
ProbeApertureLabel=#2
ProbeAperturePositionX=-0.003202999
ProbeAperturePositionY=0.004708
ScanRotation=0.00000000
ScanSpeed=6.00000000
SpotSize=0.000000255187
StageRotation=301.00000000
StageTilt=54.99900000
StageX=-0.0024886950
StageY=0.0004842070
StageZ=0.0058357780
StigmatorX=0.00000000
StigmatorY=0.40000000
Suppresor=-506.1
TiltCorrection=0.00000000
WD=0.012

[MAIN]
AccFrames=1
AccType=
Company=
Date=2021-07-26
Description=
Device=TESCAN SOLARIS
DeviceModel=S9251G
FullUserName=Final assembly
ImageStripSize=40
Magnification=2360.00000000
OrigFileName=50nA_WOB20V_PC49,1nA_FOV60um_FIB
PixelSizeX=0.000000117187500
PixelSizeY=0.000000117187500
SerialNumber=120-0263
Sign=
SoftwareVersion=TESCAN Essence Version 1.1.1.0, build 3885
Time=12:06:04
UserName=*5
ViewFieldsCountX=1
ViewFieldsCountY=1

