[FIB]
BeamCurrent=0.000000000005557
ChamberPressure=0.00048356
ColumnPressure=0.0000134
ColumnTilt=55
Condenser=24880.6
Detector=SE
Detector0=SE
Detector0Gain=50.820
Detector0Offset=72.800
DwellTime=0.00003200
EmissionCurrent=0.000001999999995
Extractor=7888.8
GunPiezoX=-0.000002
GunPiezoY=0.000002
GunPressure=0.0000134
HV=30000.0
ImageShiftX=0.00000000
ImageShiftY=0.00000000
Objective=16144.5
PresetAlignmentX=-0.000000391
PresetAlignmentY=0.000000391
PrimaryDetectorGain=50.820
PrimaryDetectorOffset=72.800
ProbeApertureDiameter=0.00002
ProbeApertureIndex=2
ProbeApertureLabel=#2
ProbeAperturePositionX=-0.003257003
ProbeAperturePositionY=0.004714001
ScanRotation=0.00000000
ScanSpeed=6.00000000
SpotSize=0.000000071245
StageRotation=301.00000000
StageTilt=54.99900000
StageX=-0.0027792590
StageY=0.0007347560
StageZ=0.0058357780
StigmatorX=-0.29000000
StigmatorY=-0.21000000
Suppresor=-426.2
TiltCorrection=0.00000000
WD=0.012

[MAIN]
AccFrames=1
AccType=
Company=
Date=2021-07-26
Description=
Device=TESCAN SOLARIS
DeviceModel=S9251G
FullUserName=Final assembly
ImageStripSize=40
Magnification=11800.00000000
OrigFileName=50pA_WOB5V_PC49,8pA_FOV6um_FIB
PixelSizeX=0.000000023437500
PixelSizeY=0.000000023437500
SerialNumber=120-0263
Sign=
SoftwareVersion=TESCAN Essence Version 1.1.1.0, build 3885
Time=13:56:20
UserName=*5
ViewFieldsCountX=1
ViewFieldsCountY=1

