[EXTENSIONS]
Measurements=PD94bWwgdmVyc2lvbj0iMS4wIiBlbmNvZGluZz0iVVRGLTgiPz4KPE1lYXN1cmVtZW50T2JqZWN0cy8+Cg==

[MAIN]
AccFrames=1
AccType=
Company=
Date=2021-07-26
Description=
Device=TESCAN SOLARIS
DeviceModel=S9251G
FullUserName=Final assembly
ImageStripSize=79
Magnification=23600.03613396
OrigFileName=50pA_WOB5V_PC49,8pA_FOV6um_SEM_spot
PixelSizeX=0.000000011718732
PixelSizeY=0.000000011718732
SerialNumber=120-0263
Sign=
SoftwareVersion=TESCAN Essence Version 1.1.1.0, build 3885
Time=13:55:55
UserName=*5
ViewFieldsCountX=1
ViewFieldsCountY=1

[SEM]
AcceleratorVoltage=10000.0
ApertureOptimization=1.00
BeamCurrent=0.000000000300
ChamberPressure=0.00048426
CrossFree=0
CrossSectionShiftX=-0.00000338
CrossSectionShiftY=-0.00000004
Detector=SE
Detector0=SE
Detector0Gain=38.486
Detector0Offset=67.640
DwellTime=0.00003200
DynamicFocusAngle1=55.0
DynamicFocusAngle2=55.0
DynamicFocusBreakPos=1.0
EmissionCurrent=0.000140143994940
Gun=Schottky
GunShiftX=0.00000000
GunShiftY=0.00000000
GunTiltX=-2.22438265
GunTiltY=11.29109459
HV=10000.0
IMLCenteringX=1.09182802
IMLCenteringY=-4.78158410
ImageShiftX=-0.00000140
ImageShiftY=0.00001830
InBeamExtractor=202.9
InBeamFBSEGrid=0.0
InBeamFBSEScintillator=4000.0
InBeamScintillator=10000.0
InjectedGas=N2
LUTGamma=1.00000000
LUTMaximum=1.00000000
LUTMinimum=0.00000000
OBJCenteringX=-1.77591026
OBJCenteringY=24.25610499
OBJPreCenteringX=1.51961990
OBJPreCenteringY=-2.69888328
PredictedBeamCurrent=0.000000000300
PrimaryDetectorGain=38.486
PrimaryDetectorOffset=67.640
SampleVoltage=0.0
ScanMode=ANALYSIS
ScanRotation=0.00000000
ScanSpeed=6.00000000
SpecimenCurrent=-0.000000000135
SpotSize=0.0000000070
StageRotation=301.00000000
StageTilt=54.99900000
StageX=-0.0027792590
StageY=0.0007347560
StageZ=0.0058357780
StigmatorX=-0.05752786
StigmatorY=4.27701581
SymmetrizationVoltage=0.0
TiltCorrection=0.00000000
TubeVoltage=0.0
VirtualObserverDistance=0.04337258
WD=0.005011223054400

[HISTORY]
User: Final assembly
2021-07-26 15:55:55 Overlays burned
