[MAIN]
AccFrames=1
AccType=
Company=
Date=2021-12-20
Description=
Device=TESCAN AMBER
DeviceModel=S8251G
FullUserName=Final assembly
ImageStripSize=40
Magnification=4985.71428571
OrigFileName=20keV_1nA_FOV28um_PC1,010nA_WOB10V_FIB
PixelSizeX=0.0000000546875
PixelSizeY=0.0000000546875
SerialNumber=121-0100
Sign=
SoftwareVersion=TESCAN Essence Version 1.1.3.1, build 4392
Time=09:34:57
UserName=*5
ViewFieldsCountX=1
ViewFieldsCountY=1

[FIB]
BeamCurrent=0.000000000024739
ChamberPressure=0.0001494
ColumnPressure=0.0000109
ColumnTilt=55.0
Condenser=-17280.801
Detector=SE
Detector0=SE
Detector0Gain=43.75
Detector0Offset=72.812
DwellTime=0.000032
EmissionCurrent=0.000001994000058
Extractor=8055.6
GunPiezoX=0.000009
GunPiezoY=-0.000001
GunPressure=0.0000109
HV=20000.0
ImageShiftX=0.0
ImageShiftY=0.0
LUTGamma=1.0
LUTMaximum=1.0
LUTMinimum=0.0
Objective=10802.0
PresetAlignmentX=0.0
PresetAlignmentY=0.0
PrimaryDetectorGain=43.75
PrimaryDetectorOffset=72.812
ProbeApertureDiameter=0.00003
ProbeApertureIndex=3
ProbeApertureLabel=#3
ProbeAperturePositionX=-0.001317476
ProbeAperturePositionY=0.004929936
ScanRotation=0.0
ScanSpeed=6.0
SpotSize=0.000000102852
StageRotation=210.0
StageTilt=55.0
StageX=-0.002556501
StageY=0.013482331
StageZ=0.005107336
StigmatorX=-4.28
StigmatorY=1.26
Suppresor=608.5
TiltCorrection=0.0
WD=0.012

