[MAIN]
AccFrames=1
AccType=
Company=
Date=2021-12-20
Description=
Device=TESCAN AMBER
DeviceModel=S8251G
FullUserName=Final assembly
ImageStripSize=40
Magnification=1396.0
OrigFileName=30keV_100nA_FOV100um_PC99,84nA_WOB40V_FIB
PixelSizeX=0.0000001953125
PixelSizeY=0.0000001953125
SerialNumber=121-0100
Sign=
SoftwareVersion=TESCAN Essence Version 1.1.3.1, build 4392
Time=09:47:56
UserName=*5
ViewFieldsCountX=1
ViewFieldsCountY=1

[FIB]
BeamCurrent=0.000000000073055
ChamberPressure=0.00014897
ColumnPressure=0.000011
ColumnTilt=55.0
Condenser=-11627.9
Detector=SE
Detector0=SE
Detector0Gain=38.695
Detector0Offset=71.778
DwellTime=0.000032
EmissionCurrent=0.000004988000001
Extractor=8056.1
GunPiezoX=0.000015
GunPiezoY=0.000004
GunPressure=0.000011
HV=30000.0
ImageShiftX=0.0
ImageShiftY=0.0
LUTGamma=1.0
LUTMaximum=1.0
LUTMinimum=0.0
Objective=15918.0
PresetAlignmentX=0.0
PresetAlignmentY=0.0
PrimaryDetectorGain=38.695
PrimaryDetectorOffset=71.778
ProbeApertureDiameter=0.00003
ProbeApertureIndex=3
ProbeApertureLabel=#3
ProbeAperturePositionX=-0.001311473
ProbeAperturePositionY=0.004944934
ScanRotation=0.0
ScanSpeed=6.0
SpotSize=0.000000268877
StageRotation=210.0
StageTilt=55.0
StageX=-0.002431963
StageY=0.012675913
StageZ=0.005107336
StigmatorX=-2.2
StigmatorY=0.98
Suppresor=-406.5
TiltCorrection=0.0
WD=0.012

