[MAIN]
AccFrames=1
AccType=
Company=
Date=2021-12-20
Description=
Device=TESCAN AMBER
DeviceModel=S8251G
FullUserName=Final assembly
ImageStripSize=40
Magnification=3490.0
OrigFileName=30keV_10nA_FOV40um_PC10,052nA_WOB15V_FIB
PixelSizeX=0.000000078125
PixelSizeY=0.000000078125
SerialNumber=121-0100
Sign=
SoftwareVersion=TESCAN Essence Version 1.1.3.1, build 4392
Time=12:13:33
UserName=*5
ViewFieldsCountX=1
ViewFieldsCountY=1

[FIB]
BeamCurrent=0.00000000002665
ChamberPressure=0.0001479
ColumnPressure=0.0000107
ColumnTilt=55.0
Condenser=25354.0
Detector=SE
Detector0=SE
Detector0Gain=42.188
Detector0Offset=73.125
DwellTime=0.000032
EmissionCurrent=0.000002005999931
Extractor=8055.6
GunPiezoX=-0.000003
GunPiezoY=0.000007
GunPressure=0.0000107
HV=30000.0
ImageShiftX=0.0
ImageShiftY=0.0
LUTGamma=1.0
LUTMaximum=1.0
LUTMinimum=0.0
Objective=15844.6
PresetAlignmentX=0.0
PresetAlignmentY=0.0
PrimaryDetectorGain=42.188
PrimaryDetectorOffset=73.125
ProbeApertureDiameter=0.00003
ProbeApertureIndex=3
ProbeApertureLabel=#3
ProbeAperturePositionX=-0.001346474
ProbeAperturePositionY=0.004864939
ScanRotation=0.0
ScanSpeed=6.0
SpotSize=0.000000202679
StageRotation=210.0
StageTilt=55.0
StageX=-0.003308227
StageY=0.012968037
StageZ=0.005107336
StigmatorX=-2.37
StigmatorY=0.73
Suppresor=833.6
TiltCorrection=0.0
WD=0.012

