[MAIN]
AccFrames=1
AccType=
Company=
Date=2021-12-20
Description=
Device=TESCAN AMBER
DeviceModel=S8251G
FullUserName=Final assembly
ImageStripSize=40
Magnification=3490.0
OrigFileName=30keV_20nA_FOV40um_PC20,022nA_WOB20V_FIB
PixelSizeX=0.000000078125
PixelSizeY=0.000000078125
SerialNumber=121-0100
Sign=
SoftwareVersion=TESCAN Essence Version 1.1.3.1, build 4392
Time=12:05:06
UserName=*5
ViewFieldsCountX=1
ViewFieldsCountY=1

[FIB]
BeamCurrent=0.000000000029917
ChamberPressure=0.00014811
ColumnPressure=0.0000108
ColumnTilt=55.0
Condenser=25415.0
Detector=SE
Detector0=SE
Detector0Gain=41.992
Detector0Offset=73.125
DwellTime=0.000032
EmissionCurrent=0.000002005999931
Extractor=8055.6
GunPiezoX=-0.000003
GunPiezoY=0.000007
GunPressure=0.0000108
HV=30000.0
ImageShiftX=0.0
ImageShiftY=0.0
LUTGamma=1.0
LUTMaximum=1.0
LUTMinimum=0.0
Objective=15650.5
PresetAlignmentX=0.0
PresetAlignmentY=0.0
PrimaryDetectorGain=41.992
PrimaryDetectorOffset=73.125
ProbeApertureDiameter=0.00003
ProbeApertureIndex=3
ProbeApertureLabel=#3
ProbeAperturePositionX=-0.001351475
ProbeAperturePositionY=0.004884937
ScanRotation=0.0
ScanSpeed=6.0
SpotSize=0.000000279873
StageRotation=210.0
StageTilt=55.0
StageX=-0.003246513
StageY=0.012787024
StageZ=0.005107336
StigmatorX=-2.24
StigmatorY=0.16
Suppresor=821.9
TiltCorrection=0.0
WD=0.012

