[MAIN]
AccFrames=1
AccType=
Company=
Date=2021-12-20
Description=
Device=TESCAN AMBER
DeviceModel=S8251G
FullUserName=Final assembly
ImageStripSize=40
Magnification=11633.33333333
OrigFileName=30keV_50pA_FOV12um_PC50,00pA_WOB10V_FIB
PixelSizeX=0.0000000234375
PixelSizeY=0.0000000234375
SerialNumber=121-0100
Sign=
SoftwareVersion=TESCAN Essence Version 1.1.3.1, build 4392
Time=12:30:38
UserName=*5
ViewFieldsCountX=1
ViewFieldsCountY=1

[FIB]
BeamCurrent=0.000000000012647
ChamberPressure=0.00014769
ColumnPressure=0.0000107
ColumnTilt=55.0
Condenser=24823.1
Detector=SE
Detector0=SE
Detector0Gain=47.932
Detector0Offset=74.215
DwellTime=0.000032
EmissionCurrent=0.000002005999931
Extractor=8055.6
GunPiezoX=-0.000003
GunPiezoY=0.000007
GunPressure=0.0000107
HV=30000.0
ImageShiftX=0.0
ImageShiftY=0.0
LUTGamma=1.0
LUTMaximum=1.0
LUTMinimum=0.0
Objective=16192.4
PresetAlignmentX=0.0
PresetAlignmentY=0.0
PrimaryDetectorGain=47.932
PrimaryDetectorOffset=74.215
ProbeApertureDiameter=0.00003
ProbeApertureIndex=3
ProbeApertureLabel=#3
ProbeAperturePositionX=-0.001356475
ProbeAperturePositionY=0.004901936
ScanRotation=0.0
ScanSpeed=6.0
SpotSize=0.000000062762
StageRotation=210.0
StageTilt=55.0
StageX=-0.00328831
StageY=0.013108039
StageZ=0.005107336
StigmatorX=-4.01
StigmatorY=1.11
Suppresor=842.8
TiltCorrection=0.0
WD=0.012

