[MAIN]
AccFrames=1
AccType=
Company=
Date=2021-12-20
Description=
Device=TESCAN AMBER
DeviceModel=S8251G
FullUserName=Final assembly
ImageStripSize=40
Magnification=2326.66666667
OrigFileName=30keV_50nA_FOV60um_PC49,642nA_WOB25V_FIB
PixelSizeX=0.0000001171875
PixelSizeY=0.0000001171875
SerialNumber=121-0100
Sign=
SoftwareVersion=TESCAN Essence Version 1.1.3.1, build 4392
Time=11:56:34
UserName=*5
ViewFieldsCountX=1
ViewFieldsCountY=1

[FIB]
BeamCurrent=0.000000000069773
ChamberPressure=0.00014811
ColumnPressure=0.0000107
ColumnTilt=55.0
Condenser=-11525.9
Detector=SE
Detector0=SE
Detector0Gain=40.625
Detector0Offset=69.688
DwellTime=0.000032
EmissionCurrent=0.000001999999995
Extractor=8055.6
GunPiezoX=0.00001495
GunPiezoY=0.000004
GunPressure=0.0000107
HV=30000.0
ImageShiftX=0.0
ImageShiftY=0.0
LUTGamma=1.0
LUTMaximum=1.0
LUTMinimum=0.0
Objective=15966.1
PresetAlignmentX=0.0
PresetAlignmentY=0.0
PrimaryDetectorGain=40.625
PrimaryDetectorOffset=69.688
ProbeApertureDiameter=0.00003
ProbeApertureIndex=3
ProbeApertureLabel=#3
ProbeAperturePositionX=-0.001316476
ProbeAperturePositionY=0.004904937
ScanRotation=0.0
ScanSpeed=6.0
SpotSize=0.000000246808
StageRotation=210.0
StageTilt=55.0
StageX=-0.003200658
StageY=0.012905937
StageZ=0.005107336
StigmatorX=-2.68
StigmatorY=1.27
Suppresor=801.3
TiltCorrection=0.0
WD=0.012

