[MAIN]
AccFrames=1
AccType=
Company=
Date=2021-12-20
Description=
Device=TESCAN AMBER
DeviceModel=S8251G
FullUserName=Final assembly
ImageStripSize=79
Magnification=2326.66232487
OrigFileName=30keV_50nA_FOV60um_PC49,642nA_WOB25V
PixelSizeX=0.000000117187719
PixelSizeY=0.000000117187719
SerialNumber=121-0100
Sign=
SoftwareVersion=TESCAN Essence Version 1.1.3.1, build 4392
Time=11:55:54
UserName=*5
ViewFieldsCountX=1
ViewFieldsCountY=1

[SEM]
AcceleratorVoltage=10000.0
ApertureOptimization=1.0
BeamCurrent=0.0000000003
ChamberPressure=0.00014811
CrossFree=0
CrossSectionShiftX=-0.0
CrossSectionShiftY=-0.0
DepthOfFocus=0.00003599
Detector=E-T
Detector0=E-T
Detector0Gain=33.627
Detector0Offset=74.168
DwellTime=0.000032
DynamicFocusAngle1=35.0
DynamicFocusAngle2=35.0
DynamicFocusBreakPos=1.0
EmissionCurrent=0.000166316996911
Gun=Schottky
GunShiftX=0.0
GunShiftY=0.0
GunTiltX=11.3292948
GunTiltY=10.28922153
HV=10000.0
IMLCenteringX=-17.59655211
IMLCenteringY=5.41415778
ImageShiftX=0.0000074
ImageShiftY=0.00001339
InjectedGas=N2
LUTGamma=1.0
LUTMaximum=1.0
LUTMinimum=0.0
MTDGrid=0.0
MTDScintillator=8000.0
OBJCenteringX=30.53596728
OBJCenteringY=-43.70553208
OBJPreCenteringX=5.12995476
OBJPreCenteringY=3.44935985
PredictedBeamCurrent=0.0000000003
PrimaryDetectorGain=33.627
PrimaryDetectorOffset=74.168
SampleVoltage=0.0
ScanMode=ANALYSIS
ScanRotation=0.0
ScanSpeed=6.0
SpecimenCurrent=-0.000000000003
SpotSize=0.0000000036
StageRotation=210.0
StageTilt=55.0
StageX=-0.003200658
StageY=0.012905937
StageZ=0.005107336
StigmatorX=2.8955439
StigmatorY=-4.35627641
SymmetrizationVoltage=0.0
TiltCorrection=0.0
TubeVoltage=0.0
VirtualObserverDistance=0.01751312
WD=0.005990094

