[MAIN]
AccFrames=1
AccType=
Company=
Date=2021-12-20
Description=
Device=TESCAN AMBER
DeviceModel=S8251G
FullUserName=Final assembly
ImageStripSize=40
Magnification=1396.0
OrigFileName=30keV_85nA_FOV100um_PC84,92nA_WOB40V_FIB
PixelSizeX=0.0000001953125
PixelSizeY=0.0000001953125
SerialNumber=121-0100
Sign=
SoftwareVersion=TESCAN Essence Version 1.1.3.1, build 4392
Time=09:55:19
UserName=*5
ViewFieldsCountX=1
ViewFieldsCountY=1

[FIB]
BeamCurrent=0.00000000007492
ChamberPressure=0.00014919
ColumnPressure=0.0000108
ColumnTilt=55.0
Condenser=-11682.9
Detector=SE
Detector0=SE
Detector0Gain=39.844
Detector0Offset=70.312
DwellTime=0.000032
EmissionCurrent=0.000001999999995
Extractor=8055.8
GunPiezoX=0.000015
GunPiezoY=0.000004
GunPressure=0.0000108
HV=30000.0
ImageShiftX=0.0
ImageShiftY=0.0
LUTGamma=1.0
LUTMaximum=1.0
LUTMinimum=0.0
Objective=15890.7
PresetAlignmentX=0.0
PresetAlignmentY=0.0
PrimaryDetectorGain=39.844
PrimaryDetectorOffset=70.312
ProbeApertureDiameter=0.00003
ProbeApertureIndex=3
ProbeApertureLabel=#3
ProbeAperturePositionX=-0.001311476
ProbeAperturePositionY=0.004944937
ScanRotation=0.0
ScanSpeed=6.0
SpotSize=0.000000282497
StageRotation=210.0
StageTilt=55.0
StageX=-0.002565358
StageY=0.012474775
StageZ=0.005107336
StigmatorX=-1.89
StigmatorY=1.12
Suppresor=524.6
TiltCorrection=0.0
WD=0.012

