[MAIN]
AccFrames=1
AccType=
Company=
Date=2021-12-20
Description=
Device=TESCAN AMBER
DeviceModel=S8251G
FullUserName=Final assembly
ImageStripSize=40
Magnification=4985.71428571
OrigFileName=30keV_2,5nA_FOV28um_PC2,513nA_WOB10V_FIB
PixelSizeX=0.0000000546875
PixelSizeY=0.0000000546875
SerialNumber=121-0100
Sign=
SoftwareVersion=TESCAN Essence Version 1.1.3.1, build 4392
Time=12:19:28
UserName=*5
ViewFieldsCountX=1
ViewFieldsCountY=1

[FIB]
BeamCurrent=0.000000000027346
ChamberPressure=0.00014769
ColumnPressure=0.0000106
ColumnTilt=55.0
Condenser=25368.4
Detector=SE
Detector0=SE
Detector0Gain=42.188
Detector0Offset=73.75
DwellTime=0.000032
EmissionCurrent=0.000002013000085
Extractor=8055.6
GunPiezoX=-0.000003
GunPiezoY=0.000007
GunPressure=0.0000106
HV=30000.0
ImageShiftX=0.0
ImageShiftY=0.0
LUTGamma=1.0
LUTMaximum=1.0
LUTMinimum=0.0
Objective=15818.8
PresetAlignmentX=0.0
PresetAlignmentY=0.0
PrimaryDetectorGain=42.188
PrimaryDetectorOffset=73.75
ProbeApertureDiameter=0.00003
ProbeApertureIndex=3
ProbeApertureLabel=#3
ProbeAperturePositionX=-0.001371474
ProbeAperturePositionY=0.004864934
ScanRotation=0.0
ScanSpeed=6.0
SpotSize=0.000000216024
StageRotation=210.0
StageTilt=55.0
StageX=-0.003272677
StageY=0.013051872
StageZ=0.005107336
StigmatorX=-2.39
StigmatorY=0.64
Suppresor=843.4
TiltCorrection=0.0
WD=0.012

