[MAIN]
AccFrames=1
AccType=
Company=
Date=2021-12-20
Description=
Device=TESCAN AMBER
DeviceModel=S8251G
FullUserName=Final assembly
ImageStripSize=40
Magnification=4985.71428571
OrigFileName=30keV_1nA_FOV28um_PC1,010nA_WOB15V_FIB
PixelSizeX=0.0000000546875
PixelSizeY=0.0000000546875
SerialNumber=121-0100
Sign=
SoftwareVersion=TESCAN Essence Version 1.1.3.1, build 4392
Time=11:46:53
UserName=*5
ViewFieldsCountX=1
ViewFieldsCountY=1

[FIB]
BeamCurrent=0.000000000010858
ChamberPressure=0.00014811
ColumnPressure=0.0000108
ColumnTilt=55.0
Condenser=25305.6
Detector=SE
Detector0=SE
Detector0Gain=50.664
Detector0Offset=67.943
DwellTime=0.000032
EmissionCurrent=0.000001999999995
Extractor=8055.8
GunPiezoX=-0.000003
GunPiezoY=0.000007
GunPressure=0.0000108
HV=30000.0
ImageShiftX=0.0
ImageShiftY=0.0
LUTGamma=1.0
LUTMaximum=1.0
LUTMinimum=0.0
Objective=15934.0
PresetAlignmentX=0.0
PresetAlignmentY=0.0
PrimaryDetectorGain=50.664
PrimaryDetectorOffset=67.943
ProbeApertureDiameter=0.00002
ProbeApertureIndex=2
ProbeApertureLabel=#2
ProbeAperturePositionX=-0.003316476
ProbeAperturePositionY=0.004909938
ScanRotation=0.0
ScanSpeed=6.0
SpotSize=0.000000166331
StageRotation=210.0
StageTilt=55.0
StageX=-0.003094308
StageY=0.012930935
StageZ=0.005107336
StigmatorX=-3.11
StigmatorY=0.99
Suppresor=797.3
TiltCorrection=0.0
WD=0.012

