[MAIN]
Date=2022-10-19
Device=TESCAN SOLARIS
DeviceModel=S9251G
FullUserName=Physicist
SerialNumber=122-0074
SoftwareVersion=TESCAN Essence Version 1.1.8.0, build 5068
Time=12:08:28
UserName=*2
PixelSizeX=1.56e-08
PixelSizeY=1.56e-08

[SEM]
AcceleratorVoltage=10000.0
ApertureOptimization=1.0
BeamCurrent=0.0000000003
ChamberPressure=0.00071943
CrossFree=0
CrossSectionShiftX=0.00000086
CrossSectionShiftY=-0.0
DynamicFocusAngle1=55.0
DynamicFocusAngle2=55.0
DynamicFocusBreakPos=1.0
EmissionCurrent=0.000120141997229
Gun=Schottky
GunShiftX=0.0
GunShiftY=0.0
GunTiltX=-10.00302585
GunTiltY=3.55916885
HV=10000.0
IMLCenteringX=-3.33087151
IMLCenteringY=-2.46006899
ImageShiftX=0.0000006
ImageShiftY=0.0000405
InjectedGas=N2
OBJCenteringX=-14.99436695
OBJCenteringY=5.74186043
OBJPreCenteringX=0.16912286
OBJPreCenteringY=1.80557403
PredictedBeamCurrent=0.0000000003
SampleVoltage=0.0
ScanMode=ANALYSIS
ScanRotation=0.0
SessionID=bd173a7d-08ed-45e1-8abb-b2037a4c76f2
SpecimenCurrent=0.00000000007
SpotSize=0.0000000069
StageRotation=270.0
StageTilt=54.999
StageX=0.000657976
StageY=-0.003152693
StageZ=0.004535998
StigmatorX=5.77290107
StigmatorY=-1.03375428
TiltCorrection=54.999
TubeVoltage=0.0
VirtualObserverDistance=0.04432133
WD=0.005033105
