[MAIN]
AccFrames=1
AccType=
Company=
Date=2022-10-19
Description=
Device=TESCAN SOLARIS
DeviceModel=S9251G
FullUserName=Physicist
ImageStripSize=79
Magnification=14146.36404383
MagnificationReference=0.1396
OrigFileName=30 keV; 250 pA
PixelSizeX=0.000000019273946
PixelSizeY=0.000000019273946
SerialNumber=122-0074
Sign=
SoftwareVersion=TESCAN Essence Version 1.1.8.0, build 5068
Time=12:44:02
UserName=*2
ViewFieldsCountX=1
ViewFieldsCountY=1

[SEM]
AcceleratorVoltage=10000.0
ApertureOptimization=1.0
BeamCurrent=0.0000000003
ChamberPressure=0.00049483
CrossFree=0
CrossSectionShiftX=0.00000086
CrossSectionShiftY=-0.0
DepthOfFocus=0.00001091
Detector=SE
Detector0=SE
Detector0Gain=37.5
Detector0Offset=68.75
DwellTime=0.000032
DynamicFocusAngle1=55.0
DynamicFocusAngle2=55.0
DynamicFocusBreakPos=1.0
EmissionCurrent=0.000120551997441
Gun=Schottky
GunShiftX=0.0
GunShiftY=0.0
GunTiltX=-10.00302585
GunTiltY=3.55916885
HV=10000.0
IMLCenteringX=-3.33087151
IMLCenteringY=-2.46006899
ImageShiftX=0.0000006
ImageShiftY=0.00004049
InBeamExtractor=205.7
InBeamFBSEGrid=0.0
InBeamFBSEScintillator=0.0
InBeamScintillator=10000.0
InjectedGas=N2
LUTGamma=1.0
LUTMaximum=1.0
LUTMinimum=0.0
OBJCenteringX=-14.99436695
OBJCenteringY=5.74186043
OBJPreCenteringX=0.16912286
OBJPreCenteringY=1.80557403
PredictedBeamCurrent=0.0000000003
PrimaryDetectorGain=37.5
PrimaryDetectorOffset=68.75
SampleVoltage=0.0
ScanID=38468
ScanMode=ANALYSIS
ScanRotation=0.0
ScanSpeed=6.0
SessionID=bd173a7d-08ed-45e1-8abb-b2037a4c76f2
SpecimenCurrent=-0.00000000012
SpotSize=0.0000000069
StageRotation=270.0
StageTilt=54.999
StageX=0.000668897
StageY=-0.003154912
StageZ=0.004535998
StigmatorX=5.86290107
StigmatorY=-0.97375428
SymmetrizationVoltage=0.0
TiltCorrection=54.999
TubeVoltage=0.0
VirtualObserverDistance=0.04430942
WD=0.005021404

