[MAIN]
AccFrames=1
AccType=
Company=TESCAN
Date=2023-04-12
Device=TESCAN AMBER GX
DeviceModel=S8252G
FullUserName=Application developer
ImageStripSize=79
Magnification=55252.31145834
MagnificationReference=0.1416
OrigFileName=30keV250pA-18
PixelSizeX=0.000000005005447
PixelSizeY=0.000000005005447
SerialNumber=121-0075
SoftwareVersion=TESCAN Essence Version 1.2.2.0, build 5868
Time=11:51:22
UserName=*14
ViewFieldsCountX=1
ViewFieldsCountY=1

[SEM]
AcceleratorVoltage=2000.0
ApertureOptimization=1.0
ChamberPressure=0.00025265
CrossFree=0
CrossSectionShiftX=-0.0001029
CrossSectionShiftY=-0.00000004
DepthOfFocus=0.00000087
Detector=E-T
Detector0=E-T
Detector0Gain=31.359
Detector0Offset=74.185
DwellTime=0.00000032
EmissionCurrent=0.0001262710028
Gun=Schottky
GunShiftX=0.0
GunShiftY=0.0
GunTiltX=-22.13743919
GunTiltY=0.16630977
HV=2000.0
IMLCenteringX=28.22191147
IMLCenteringY=-30.62359924
ImageShiftX=-0.00000205
ImageShiftY=0.0000009
InjectedGas=N2
LUTGamma=1.0
LUTMaximum=1.0
LUTMinimum=0.0
MTDGrid=7000.0
MTDScintillator=12000.0
OBJCenteringX=23.1595459
OBJCenteringY=15.5903736
OBJPreCenteringX=-2.21689777
OBJPreCenteringY=3.3375354
PotentialMode=BrightBeam
PredictedBeamCurrent=0.0000000002999
PrimaryDetectorGain=31.359
PrimaryDetectorOffset=74.185
SampleVoltage=0.0
ScanID=697
ScanMode=UH-RESOLUTION
ScanRotation=0.0
ScanSpeed=2.0
SessionID=1f63260f-91e0-4395-9d42-a59c325796fa
SpecimenCurrent=0.000000000038
SpotSize=0.0000000051
StageRotation=298.0
StageTilt=55.0
StageX=0.001411909
StageY=-0.001102458
StageZ=0.006553009
StigmatorX=-1.32
StigmatorY=0.67
SymmetrizationVoltage=-350.0
TiltCorrection=0.0
TubeVoltage=7000.0
VirtualObserverDistance=0.0352893
WD=0.005900195

