[MAIN]
AccFrames=1
AccType=
Company=TESCAN
Date=2023-04-12
Device=TESCAN AMBER GX
DeviceModel=S8252G
FullUserName=Application developer
ImageStripSize=79
Magnification=9781.36908281
MagnificationReference=0.1416
OrigFileName=30keV100nA-6
PixelSizeX=0.000000028274416
PixelSizeY=0.000000028274416
SerialNumber=121-0075
SoftwareVersion=TESCAN Essence Version 1.2.2.0, build 5868
Time=12:31:37
UserName=*14
ViewFieldsCountX=1
ViewFieldsCountY=1

[SEM]
AcceleratorVoltage=2000.0
ApertureOptimization=1.0
ChamberPressure=0.00024232
CrossFree=0
CrossSectionShiftX=-0.00010289
CrossSectionShiftY=-0.0
DepthOfFocus=0.00000491
Detector=E-T
Detector0=E-T
Detector0Gain=29.45
Detector0Offset=81.77
DwellTime=0.000001
EmissionCurrent=0.0001261110045
Gun=Schottky
GunShiftX=0.0
GunShiftY=0.0
GunTiltX=-22.13743919
GunTiltY=0.16630977
HV=2000.0
IMLCenteringX=28.22191147
IMLCenteringY=-30.62359924
ImageShiftX=-0.00000855
ImageShiftY=0.0000079
InjectedGas=N2
LUTGamma=1.0
LUTMaximum=1.0
LUTMinimum=0.0
MTDGrid=7000.0
MTDScintillator=12000.0
OBJCenteringX=23.1595459
OBJCenteringY=15.5903736
OBJPreCenteringX=-2.21689777
OBJPreCenteringY=3.3375354
PotentialMode=BrightBeam
PredictedBeamCurrent=0.0000000002999
PrimaryDetectorGain=29.45
PrimaryDetectorOffset=81.77
SampleVoltage=0.0
ScanID=1148
ScanMode=UH-RESOLUTION
ScanRotation=0.0
ScanSpeed=3.0
SessionID=1f63260f-91e0-4395-9d42-a59c325796fa
SpecimenCurrent=-0.00000000001
SpotSize=0.0000000051
StageRotation=298.0
StageTilt=55.0
StageX=0.000938638
StageY=-0.00071296
StageZ=0.006549616
StigmatorX=-1.32
StigmatorY=0.67
SymmetrizationVoltage=-350.0
TiltCorrection=0.0
TubeVoltage=7000.0
VirtualObserverDistance=0.03528473
WD=0.005895279

[EXTENSIONS]
Measurements=PD94bWwgdmVyc2lvbj0iMS4wIiBlbmNvZGluZz0iVVRGLTgiPz4KPE1lYXN1cmVtZW50T2JqZWN0cy8+Cg==

