[MAIN]
AccFrames=1
AccType=
Company=
Date=2022-08-19
Description=
Device=TESCAN SOLARIS
DeviceModel=S9251G
FullUserName=Final assembly
ImageStripSize=40
Magnification=4985.71428571
MagnificationReference=0.1396
OrigFileName=30keV;2
PixelSizeX=0.0000000546875
PixelSizeY=0.0000000546875
SerialNumber=122-0040
Sign=
SoftwareVersion=TESCAN Essence Version 1.1.7.0, build 4964
Time=10:43:04
UserName=*5
ViewFieldsCountX=1
ViewFieldsCountY=1

[FIB]
BeamCurrent=0.000000000024942
ChamberPressure=0.00019027
ColumnPressure=0.0000662
ColumnTilt=55
Condenser=25410.5
Detector=SE
Detector0=SE
Detector0Gain=43.75
Detector0Offset=73.75
DwellTime=0.000032
EmissionCurrent=0.000001999999995
Extractor=7893.9
GunPiezoX=0.00000055
GunPiezoY=-0.0000041
GunPressure=0.00000904
HV=30000.0
ImageShiftX=0.0
ImageShiftY=0.0
LUTGamma=1.0
LUTMaximum=1.0
LUTMinimum=0.0
Objective=15730.2
PresetAlignmentX=0.0
PresetAlignmentY=0.0
PrimaryDetectorGain=43.75
PrimaryDetectorOffset=73.75
ProbeApertureDiameter=0.00003
ProbeApertureIndex=3
ProbeApertureLabel=#3
ProbeAperturePositionX=0.002940001
ProbeAperturePositionY=-0.002848001
ScanRotation=0.0
ScanSpeed=6.0
SpotSize=0.000000204907
StageRotation=349.15
StageTilt=54.999
StageX=0.00006076
StageY=-0.002454081
StageZ=0.003710505
StigmatorX=-1.0
StigmatorY=-0.25
Suppresor=1580.1
TiltCorrection=0.0
WD=0.012

