[MAIN]
AccFrames=1
AccType=
Company=
Date=2022-08-19
Description=
Device=TESCAN SOLARIS
DeviceModel=S9251G
FullUserName=Final assembly
ImageStripSize=60
Magnification=2094.0
MagnificationReference=0.2094
OrigFileName=30keV;100nA FIB
PixelSizeX=0.000000130208333
PixelSizeY=0.000000130208333
SerialNumber=122-0040
Sign=
SoftwareVersion=TESCAN Essence Version 1.1.7.0, build 4964
Time=08:59:02
UserName=*5
ViewFieldsCountX=1
ViewFieldsCountY=1

[FIB]
BeamCurrent=0.000000000049163
ChamberPressure=0.00019303
ColumnPressure=0.000065
ColumnTilt=55.0
Condenser=24912.1
Detector=SE
Detector0=SE
Detector0Gain=36.914
Detector0Offset=75.234
DwellTime=0.000032
EmissionCurrent=0.000002125000037
Extractor=7893.9
GunPiezoX=0.0000006
GunPiezoY=-0.0000041
GunPressure=0.00000962
HV=30000.0
ImageShiftX=0.0
ImageShiftY=0.0
LUTGamma=1.0
LUTMaximum=1.0
LUTMinimum=0.0
Objective=16061.5
PresetAlignmentX=0.0
PresetAlignmentY=0.0
PrimaryDetectorGain=36.914
PrimaryDetectorOffset=75.234
ProbeApertureDiameter=0.00006
ProbeApertureIndex=5
ProbeApertureLabel=#5
ProbeAperturePositionX=0.002925998
ProbeAperturePositionY=0.004702
ScanRotation=0.0
ScanSpeed=6.0
SpotSize=0.000000066301
StageRotation=349.15
StageTilt=54.999
StageX=0.000385122
StageY=-0.00262713
StageZ=0.003710505
StigmatorX=-2.23
StigmatorY=0.5
Suppresor=1354.8
TiltCorrection=0.0
WD=0.012

