[MAIN]
AccFrames=1
AccType=
Company=
Date=2022-11-13
Description=
Device=TESCAN SOLARIS X
DeviceModel=S9251X
FullUserName=Final assembly
ImageStripSize=79
Magnification=3490.0
MagnificationReference=0.1396
OrigFileName=15kV_120nA
PixelSizeX=0.000000078125
PixelSizeY=0.000000078125
SerialNumber=122-0109
Sign=
SoftwareVersion=TESCAN Essence Version 1.1.8.1, build 5116
Time=07:46:10
UserName=*5
ViewFieldsCountX=1
ViewFieldsCountY=1

[SEM]
AcceleratorVoltage=10000.0
ApertureOptimization=1.0
BeamCurrent=0.0000000003
ChamberPressure=0.00016217
CrossFree=0
CrossSectionShiftX=0.0
CrossSectionShiftY=-0.0
DepthOfFocus=0.00004413
Detector=SE
Detector0=SE
Detector0Gain=34.786
Detector0Offset=75.0
DwellTime=0.000032
DynamicFocusAngle1=-35.0
DynamicFocusAngle2=-35.0
DynamicFocusBreakPos=1.0
EmissionCurrent=0.000165066000932
Gun=Schottky
GunShiftX=0.0
GunShiftY=0.0
GunTiltX=-4.08825439
GunTiltY=-3.5857038
HV=10000.0
IMLCenteringX=-18.40706684
IMLCenteringY=-2.08453753
ImageShiftX=0.0000224
ImageShiftY=0.000003
InBeamExtractor=212.2
InBeamFBSEGrid=0.0
InBeamFBSEScintillator=4000.0
InBeamScintillator=10000.0
InjectedGas=N2
LUTGamma=1.0
LUTMaximum=1.0
LUTMinimum=0.0
OBJCenteringX=7.00541633
OBJCenteringY=3.73347033
OBJPreCenteringX=3.41109573
OBJPreCenteringY=1.94074243
PredictedBeamCurrent=0.0000000003
PrimaryDetectorGain=34.786
PrimaryDetectorOffset=75.0
SampleVoltage=0.0
ScanID=22093
ScanMode=ANALYSIS
ScanRotation=0.0
ScanSpeed=6.0
SessionID=ce332f77-00ea-4310-9b76-71c49e83bff0
SpecimenCurrent=-0.000000000082
SpotSize=0.0000000069
StageRotation=87.084
StageTilt=54.999
StageX=0.000486318
StageY=-0.001686417
StageZ=0.004272165
StigmatorX=2.09584943
StigmatorY=-0.27357476
SymmetrizationVoltage=0.0
TiltCorrection=35.001
TubeVoltage=0.0
VirtualObserverDistance=0.04429303
WD=0.005000001

