[MAIN]
AccFrames=4
AccType=Frame
Company=TESCAN
Date=2023-04-04
Device=TESCAN AMBER GX
DeviceModel=S8252G
FullUserName=Application developer
ImageStripSize=79
Magnification=119895.16073163
MagnificationReference=0.1416
OrigFileName=30keV50pA
PixelSizeX=0.000000002306703
PixelSizeY=0.000000002306703
SerialNumber=121-0075
SoftwareVersion=TESCAN Essence Version 1.2.2.0, build 5851
Time=15:43:42
UserName=*14
ViewFieldsCountX=1
ViewFieldsCountY=1

[SEM]
AcceleratorVoltage=2000.0
ApertureOptimization=1.0
ChamberPressure=0.00025229
CrossFree=0
CrossSectionShiftX=-0.00011373
CrossSectionShiftY=0.00000009
DepthOfFocus=0.00000041
Detector=E-T
Detector0=E-T
Detector0Gain=28.934
Detector0Offset=85.174
DwellTime=0.000001
EmissionCurrent=0.0001242080038
Gun=Schottky
GunShiftX=0.0
GunShiftY=0.0
GunTiltX=-21.47913893
GunTiltY=-3.62152789
HV=2000.0
IMLCenteringX=27.56203022
IMLCenteringY=-28.57536684
ImageShiftX=-0.00000005
ImageShiftY=0.00000155
InjectedGas=N2
LUTGamma=1.0
LUTMaximum=1.0
LUTMinimum=0.0
MTDGrid=7000.0
MTDScintillator=12000.0
OBJCenteringX=15.18175602
OBJCenteringY=-24.15471799
OBJPreCenteringX=-2.77191401
OBJPreCenteringY=3.35217569
PotentialMode=BrightBeam
PredictedBeamCurrent=0.00000000015
PrimaryDetectorGain=28.934
PrimaryDetectorOffset=85.174
SampleVoltage=0.0
ScanID=1963
ScanMode=UH-RESOLUTION
ScanRotation=0.0
ScanSpeed=3.0
SessionID=cbeadfe8-4d1e-4b69-830f-36199618b0eb
SpecimenCurrent=0.000000000007
SpotSize=0.0000000045
StageRotation=30.0
StageTilt=55.0
StageX=0.001229327
StageY=0.015686236
StageZ=0.006452272
StigmatorX=-0.8426387
StigmatorY=0.40107054
SymmetrizationVoltage=-350.0
TiltCorrection=0.0
TubeVoltage=7000.0
VirtualObserverDistance=0.03541553
WD=0.005887309

