[MAIN]
AccFrames=1
AccType=
Company=TESCAN
Date=2023-04-05
Device=TESCAN AMBER GX
DeviceModel=S8252G
FullUserName=Application developer
ImageStripSize=159
Magnification=70285.58541607
MagnificationReference=0.2832
OrigFileName=30keV10nA-3
PixelSizeX=0.00000000393484
PixelSizeY=0.00000000393484
SerialNumber=121-0075
SoftwareVersion=TESCAN Essence Version 1.2.2.0, build 5851
Time=10:49:50
UserName=*14
ViewFieldsCountX=1
ViewFieldsCountY=1

[SEM]
AcceleratorVoltage=5000.0
ApertureOptimization=1.0
ChamberPressure=0.00023613
CrossFree=0
CrossSectionShiftX=-0.00010951
CrossSectionShiftY=-0.00000224
DepthOfFocus=0.00000088
Detector=E-T
Detector0=E-T
Detector0Gain=30.469
Detector0Offset=84.375
DwellTime=0.0000032
EmissionCurrent=0.0001243249981
Gun=Schottky
GunShiftX=0.0
GunShiftY=0.0
GunTiltX=-22.2
GunTiltY=-0.0
HV=5000.0
IMLCenteringX=33.1
IMLCenteringY=-10.7
ImageShiftX=-0.00001473
ImageShiftY=0.00000835
InjectedGas=N2
LUTGamma=1.0
LUTMaximum=1.0
LUTMinimum=0.0
MTDGrid=7000.0
MTDScintillator=12000.0
OBJCenteringX=13.09074116
OBJCenteringY=24.99369912
OBJPreCenteringX=-1.8
OBJPreCenteringY=1.3
PotentialMode=BrightBeam
PredictedBeamCurrent=0.0000000003
PrimaryDetectorGain=30.469
PrimaryDetectorOffset=84.375
SampleVoltage=0.0
ScanID=2367
ScanMode=UH-RESOLUTION
ScanRotation=0.0
ScanSpeed=4.0
SessionID=cbeadfe8-4d1e-4b69-830f-36199618b0eb
SpecimenCurrent=-0.000000000046
SpotSize=0.0000000041
StageRotation=298.0
StageTilt=55.0
StageX=-0.013650677
StageY=0.000432771
StageZ=0.00654028
StigmatorX=-1.27999995
StigmatorY=-0.27000004
SymmetrizationVoltage=-350.0
TiltCorrection=0.0
TubeVoltage=7000.0
VirtualObserverDistance=0.020733
WD=0.005964068

