[MAIN]
AccFrames=1
AccType=
Company=
Date=2022-07-15
Description=
Device=TESCAN AMBER X
DeviceModel=S8251X
FullUserName=Final assembly
ImageStripSize=79
Magnification=1745.0
MagnificationReference=0.1396
OrigFileName=1uA
PixelSizeX=0.00000015625
PixelSizeY=0.00000015625
SerialNumber=122-0046
Sign=
SoftwareVersion=TESCAN Essence Version 1.1.6.2, build 4909
Time=12:30:33
UserName=*5
ViewFieldsCountX=1
ViewFieldsCountY=1

[SEM]
AcceleratorVoltage=10000.0
ApertureOptimization=1.0
BeamCurrent=0.0000000003
ChamberPressure=0.00018945
CrossFree=0
CrossSectionShiftX=-0.0
CrossSectionShiftY=-0.0
DepthOfFocus=0.00004798
Detector=E-T
Detector0=E-T
Detector0Gain=35.178
Detector0Offset=74.58
DwellTime=0.000032
DynamicFocusAngle1=-35.0
DynamicFocusAngle2=-35.0
DynamicFocusBreakPos=1.0
EmissionCurrent=0.000151906006238
Gun=Schottky
GunShiftX=0.0
GunShiftY=0.0
GunTiltX=22.93000576
GunTiltY=-3.90403104
HV=10000.0
IMLCenteringX=0.36018443
IMLCenteringY=-8.60950796
ImageShiftX=-0.000001
ImageShiftY=0.0000024
InjectedGas=N2
LUTGamma=1.0
LUTMaximum=1.0
LUTMinimum=0.0
MTDGrid=0.0
MTDScintillator=8000.0
OBJCenteringX=7.85346587
OBJCenteringY=8.81600779
OBJPreCenteringX=-2.9036933
OBJPreCenteringY=-0.19965086
PredictedBeamCurrent=0.0000000003
PrimaryDetectorGain=35.178
PrimaryDetectorOffset=74.58
SampleVoltage=0.0
ScanMode=ANALYSIS
ScanRotation=0.0
ScanSpeed=6.0
SpecimenCurrent=-0.000000000128
SpotSize=0.0000000037
StageRotation=0.001
StageTilt=54.999
StageX=0.001006219
StageY=0.005041367
StageZ=0.006600796
StigmatorX=-1.69252915
StigmatorY=-4.04737326
SymmetrizationVoltage=0.0
TiltCorrection=35.001
TubeVoltage=0.0
VirtualObserverDistance=0.01789589
WD=0.006000001

