[MAIN]
AccFrames=1
AccType=
Company=
Date=2022-08-16
Description=
Device=TESCAN AMBER X
DeviceModel=S8251X
FullUserName=Final assembly
ImageStripSize=79
Magnification=3490.0
MagnificationReference=0.1396
OrigFileName=100nA
PixelSizeX=0.000000078125
PixelSizeY=0.000000078125
SerialNumber=121-0319
Sign=
SoftwareVersion=TESCAN Essence Version 1.1.6.1, build 4866
Time=10:52:04
UserName=*5
ViewFieldsCountX=1
ViewFieldsCountY=1

[SEM]
AcceleratorVoltage=10000.0
ApertureOptimization=1.0
BeamCurrent=0.0000000003
ChamberPressure=0.00011663
CrossFree=0
CrossSectionShiftX=-0.0
CrossSectionShiftY=-0.0
DepthOfFocus=0.00002397
Detector=E-T
Detector0=E-T
Detector0Gain=35.68
Detector0Offset=75.56
DwellTime=0.000032
DynamicFocusAngle1=-35.0
DynamicFocusAngle2=-35.0
DynamicFocusBreakPos=1.0
EmissionCurrent=0.000161470001331
Gun=Schottky
GunShiftX=0.0
GunShiftY=0.0
GunTiltX=4.96070917
GunTiltY=6.36780354
HV=10000.0
IMLCenteringX=-0.97059284
IMLCenteringY=-3.53937515
ImageShiftX=0.00000093
ImageShiftY=0.00000886
InjectedGas=N2
LUTGamma=1.0
LUTMaximum=1.0
LUTMinimum=0.0
MTDGrid=0.0
MTDScintillator=8000.0
OBJCenteringX=15.35748176
OBJCenteringY=4.65917222
OBJPreCenteringX=-0.50961063
OBJPreCenteringY=6.54220861
PredictedBeamCurrent=0.0000000003
PrimaryDetectorGain=35.68
PrimaryDetectorOffset=75.56
SampleVoltage=0.0
ScanMode=ANALYSIS
ScanRotation=0.0
ScanSpeed=6.0
SpecimenCurrent=-0.000000000138
SpotSize=0.0000000036
StageRotation=275.701
StageTilt=54.999
StageX=-0.002236226
StageY=0.003013074
StageZ=0.005751204
StigmatorX=4.06847634
StigmatorY=-2.00510267
SymmetrizationVoltage=0.0
TiltCorrection=35.001
TubeVoltage=0.0
VirtualObserverDistance=0.01791597
WD=0.006017887

