[EXTENSIONS]
Measurements=PD94bWwgdmVyc2lvbj0iMS4wIiBlbmNvZGluZz0iVVRGLTgiPz4KPE1lYXN1cmVtZW50T2JqZWN0cy8+Cg==

[MAIN]
AccFrames=1
AccType=
Company=
Date=2021-09-14
Description=
Device=TESCAN AMBER X
DeviceModel=S8252X
FullUserName=Final assembly
ImageStripSize=79
Magnification=7080.04204049
OrigFileName=EV_test_5keV_1nA_2
PixelSizeX=0.000000039062268
PixelSizeY=0.000000039062268
SerialNumber=121-0034
Sign=
SoftwareVersion=TESCAN Essence Version 1.1.1.0, build 3885
Time=12:19:20
UserName=*5
ViewFieldsCountX=1
ViewFieldsCountY=1

[SEM]
AcceleratorVoltage=10000.0
ApertureOptimization=0.00
BeamCurrent=0.000000000300
ChamberPressure=0.00035845
CrossFree=0
CrossSectionShiftX=-0.00000000
CrossSectionShiftY=-0.00000000
Detector=E-T
Detector0=E-T
Detector0Gain=36.159
Detector0Offset=75.440
DwellTime=0.00003200
DynamicFocusAngle1=-35.0
DynamicFocusAngle2=-35.0
DynamicFocusBreakPos=1.0
EmissionCurrent=0.000144976004663
Gun=Schottky
GunShiftX=0.00000000
GunShiftY=0.00000000
GunTiltX=-20.94465296
GunTiltY=-9.00800720
HV=10000.0
IMLCenteringX=12.37404645
IMLCenteringY=-2.59501701
ImageShiftX=-0.00004851
ImageShiftY=-0.00000900
InjectedGas=N2
LUTGamma=1.00000000
LUTMaximum=1.00000000
LUTMinimum=0.00000000
MTDGrid=0.0
MTDScintillator=11000.0
OBJCenteringX=-21.02353474
OBJCenteringY=19.03370185
OBJPreCenteringX=-5.42256035
OBJPreCenteringY=-1.68224483
PotentialMode=Universal
PredictedBeamCurrent=0.000000000300
PrimaryDetectorGain=36.159
PrimaryDetectorOffset=75.440
SampleVoltage=0.0
ScanMode=DEPTH
ScanRotation=0.00000000
ScanSpeed=6.00000000
SpecimenCurrent=-0.000000000121
SpotSize=0.0000000038
StageRotation=0.00000000
StageTilt=54.99900000
StageX=-0.0010704320
StageY=0.0003283450
StageZ=0.0067783440
StigmatorX=0.95596794
StigmatorY=2.14046128
SymmetrizationVoltage=-213.0
TiltCorrection=35.00100000
TubeVoltage=3000.0
VirtualObserverDistance=0.01767201
WD=0.006002300315364

[HISTORY]
User: Final assembly
2021-09-14 14:20:45 Overlays burned
